WATER_SYSTEM_NUMBER,VIOLATION_NUMBER,VIOLATION_TYPE_NAME,ANALYTE_NAME,RESULT,RESULT_UOM,MCL_VALUE,MCL_UOM,VIOL_BEGIN_DATE,VIOL_END_DATE,ENF_ACTION_NUMBER,ENF_ACTION_ISSUE_DATE,ENF_ACTION_TYPE_ISSUED,Year,Magnitude,WATER_SYS,d_populati,X,Y,GIS_STATUS
CA2410004,9611039,STATE PRIMARY MCL VIOL - NOT CR6,"1,2,3-TRICHLOROPROPANE",0.36,UG/L,0.005,UG/L,10/1/18,12/31/18,9611012,5/2/18,CA STATE ACTION ISSUED,2018,72,CA2410004,14894,-120.7241588,37.38750666,
CA2410004,9611047,STATE PRIMARY MCL VIOL - NOT CR6,"1,2,3-TRICHLOROPROPANE",0.335,UG/L,0.005,UG/L,1/1/19,3/31/19,9611012,5/2/18,CA STATE ACTION ISSUED,2019,67,CA2410004,14894,-120.7241588,37.38750666,
CA2410004,9611024,STATE PRIMARY MCL VIOL - NOT CR6,"1,2,3-TRICHLOROPROPANE",0.292,UG/L,0.005,UG/L,4/1/18,6/30/18,9611012,5/2/18,CA STATE ACTION ISSUED,2018,58.4,CA2410004,14894,-120.7241588,37.38750666,
CA2410004,9611023,STATE PRIMARY MCL VIOL - NOT CR6,"1,2,3-TRICHLOROPROPANE",0.053,UG/L,0.005,UG/L,4/1/18,6/30/18,9611012,5/2/18,CA STATE ACTION ISSUED,2018,10.6,CA2410004,14894,-120.7241588,37.38750666,
CA5410006,9112055,"MCL, LRAA",TTHM,0.0993,MG/L,0.08,MG/L,10/1/18,12/31/18,9612006,10/21/16,FORMAL ENFORCEMENT ACTION ISSUED,2018,1.24125,CA5410006,14200,-119.0895617,36.20817513,
CA1502383,9912043,"MCL, AVERAGE",ARSENIC,0.015,MG/L,0.01,MG/L,7/1/18,9/30/18,9919019,5/26/15,FORMAL ENFORCEMENT ACTION ISSUED,2018,1.5,CA1502383,32,-119.1966909,35.3928633,
CA2410004,9611048,STATE PRIMARY MCL VIOL - NOT CR6,"1,2,3-TRICHLOROPROPANE",0.053,UG/L,0.005,UG/L,1/1/19,3/31/19,9611012,5/2/18,CA STATE ACTION ISSUED,2019,10.6,CA2410004,14894,-120.7241588,37.38750666,
CA2410004,9611014,STATE PRIMARY MCL VIOL - NOT CR6,"1,2,3-TRICHLOROPROPANE",0.00005,MG/L,0.000005,MG/L,1/1/18,3/31/18,9611012,5/2/18,CA STATE ACTION ISSUED,2018,10,CA2410004,14894,-120.7241588,37.38750666,
CA2410004,9611038,STATE PRIMARY MCL VIOL - NOT CR6,"1,2,3-TRICHLOROPROPANE",0.043,UG/L,0.005,UG/L,10/1/18,12/31/18,9611012,5/2/18,CA STATE ACTION ISSUED,2018,8.6,CA2410004,14894,-120.7241588,37.38750666,
CA5400964,1400030,STATE PRIMARY MCL VIOL - NOT CR6,"1,2,3-TRICHLOROPROPANE",0.25,UG/L,0.005,UG/L,10/1/18,12/31/18,1404764,4/6/18,CA STATE ACTION ISSUED,2018,50,CA5400964,44,-119.188147,35.79599265,
CA2410004,9611046,STATE PRIMARY MCL VIOL - NOT CR6,"1,2,3-TRICHLOROPROPANE",0.042,UG/L,0.005,UG/L,1/1/19,3/31/19,9611012,5/2/18,CA STATE ACTION ISSUED,2019,8.4,CA2410004,14894,-120.7241588,37.38750666,
CA5400964,1400028,STATE PRIMARY MCL VIOL - NOT CR6,"1,2,3-TRICHLOROPROPANE",0.155,UG/L,0.005,UG/L,7/1/18,9/30/18,1404764,4/6/18,CA STATE ACTION ISSUED,2018,31,CA5400964,44,-119.188147,35.79599265,
CA2410004,9611042,STATE PRIMARY MCL VIOL - NOT CR6,"1,2,3-TRICHLOROPROPANE",0.04,UG/L,0.005,UG/L,10/1/18,12/31/18,9611012,5/2/18,CA STATE ACTION ISSUED,2018,8,CA2410004,14894,-120.7241588,37.38750666,
CA5400964,1400025,STATE PRIMARY MCL VIOL - NOT CR6,"1,2,3-TRICHLOROPROPANE",0.116,UG/L,0.005,UG/L,4/1/18,6/30/18,1404764,4/6/18,CA STATE ACTION ISSUED,2018,23.2,CA5400964,44,-119.188147,35.79599265,
CA2410004,9611017,STATE PRIMARY MCL VIOL - NOT CR6,"1,2,3-TRICHLOROPROPANE",0.000039,MG/L,0.000005,MG/L,1/1/18,3/31/18,9611012,5/2/18,CA STATE ACTION ISSUED,2018,7.8,CA2410004,14894,-120.7241588,37.38750666,
CA2410004,9611027,STATE PRIMARY MCL VIOL - NOT CR6,"1,2,3-TRICHLOROPROPANE",0.037,UG/L,0.005,UG/L,4/1/18,6/30/18,9611012,5/2/18,CA STATE ACTION ISSUED,2018,7.4,CA2410004,14894,-120.7241588,37.38750666,
CA1500096,9512030,"MCL, AVERAGE",COMBINED URANIUM,28,PCI/L,20,PCI/L,4/1/18,6/30/18,919008,5/13/09,FORMAL ENFORCEMENT ACTION ISSUED,2018,1.4,CA1500096,48,-119.1105358,35.26626827,
CA2410004,9611051,STATE PRIMARY MCL VIOL - NOT CR6,"1,2,3-TRICHLOROPROPANE",0.108,UG/L,0.005,UG/L,1/1/19,3/31/19,9611012,5/2/18,CA STATE ACTION ISSUED,2019,21.6,CA2410004,14894,-120.7241588,37.38750666,
CA2410004,9611040,STATE PRIMARY MCL VIOL - NOT CR6,"1,2,3-TRICHLOROPROPANE",0.107,UG/L,0.005,UG/L,10/1/18,12/31/18,9611012,5/2/18,CA STATE ACTION ISSUED,2018,21.4,CA2410004,14894,-120.7241588,37.38750666,
CA2410004,9611045,STATE PRIMARY MCL VIOL - NOT CR6,"1,2,3-TRICHLOROPROPANE",0.104,UG/L,0.005,UG/L,1/1/19,3/31/19,9611012,5/2/18,CA STATE ACTION ISSUED,2019,20.8,CA2410004,14894,-120.7241588,37.38750666,
CA1500289,9912004,STATE PRIMARY MCL VIOL - NOT CR6,"1,2,3-TRICHLOROPROPANE",0.00001,MG/L, ,,4/1/18,6/30/18,9919006,5/18/18,CA STATE ACTION ISSUED,2018,unk,CA1500289,150,-118.9127749,35.30622844,
CA2410004,9611020,STATE PRIMARY MCL VIOL - NOT CR6,"1,2,3-TRICHLOROPROPANE",0.101,UG/L,0.005,UG/L,4/1/18,6/30/18,9611012,5/2/18,CA STATE ACTION ISSUED,2018,20.2,CA2410004,14894,-120.7241588,37.38750666,
CA1500296,9612006,STATE PRIMARY MCL VIOL - NOT CR6,"1,2,3-TRICHLOROPROPANE",0.000008,MG/L, ,,4/1/18,6/30/18,9519008,5/23/18,CA STATE ACTION ISSUED,2018,unk,CA1500296,545,-118.9107322,35.29944991,
CA2410004,9611044,STATE PRIMARY MCL VIOL - NOT CR6,"1,2,3-TRICHLOROPROPANE",0.086,UG/L,0.005,UG/L,10/1/18,12/31/18,9611012,5/2/18,CA STATE ACTION ISSUED,2018,17.2,CA2410004,14894,-120.7241588,37.38750666,
CA0600008,1221038,"MCL, AVERAGE",ARSENIC,23,UG/L,10,UG/L,1/1/18,3/31/18,921006,1/5/09,FORMAL ENFORCEMENT ACTION ISSUED,2018,2.3,CA0600008,381,-121.8961482,39.07216055,
CA1500296,9612007,STATE PRIMARY MCL VIOL - NOT CR6,"1,2,3-TRICHLOROPROPANE",0.000011,MG/L,0.000005,MG/L,7/1/18,9/30/18,9519008,5/23/18,CA STATE ACTION ISSUED,2018,2.2,CA1500296,545,-118.9107322,35.29944991,
CA2410004,9611031,STATE PRIMARY MCL VIOL - NOT CR6,"1,2,3-TRICHLOROPROPANE",0.083,UG/L,0.005,UG/L,7/1/18,9/30/18,9611012,5/2/18,CA STATE ACTION ISSUED,2018,16.6,CA2410004,14894,-120.7241588,37.38750666,
CA1500314,9919009,STATE PRIMARY MCL VIOL - NOT CR6,"1,2,3-TRICHLOROPROPANE",0.000054,MG/L, ,,7/1/18,9/30/18,9519004,4/20/18,CA STATE ACTION ISSUED,2018,unk,CA1500314,297,-118.9182477,35.3378272,
CA2410004,9611016,STATE PRIMARY MCL VIOL - NOT CR6,"1,2,3-TRICHLOROPROPANE",0.000081,MG/L,0.000005,MG/L,1/1/18,3/31/18,9611012,5/2/18,CA STATE ACTION ISSUED,2018,16.2,CA2410004,14894,-120.7241588,37.38750666,
CA1500314,9919008,STATE PRIMARY MCL VIOL - NOT CR6,"1,2,3-TRICHLOROPROPANE",0.000036,MG/L, ,,4/1/18,6/30/18,9519004,4/20/18,CA STATE ACTION ISSUED,2018,unk,CA1500314,297,-118.9182477,35.3378272,
CA2410004,9611035,STATE PRIMARY MCL VIOL - NOT CR6,"1,2,3-TRICHLOROPROPANE",0.059,UG/L,0.005,UG/L,7/1/18,9/30/18,9611012,5/2/18,CA STATE ACTION ISSUED,2018,11.8,CA2410004,14894,-120.7241588,37.38750666,
CA1500314,9919007,STATE PRIMARY MCL VIOL - NOT CR6,"1,2,3-TRICHLOROPROPANE",0.000086,MG/L,0.000005,MG/L,1/1/18,3/31/18,9519004,4/20/18,CA STATE ACTION ISSUED,2018,17.2,CA1500314,297,-118.9182477,35.3378272,
CA1500344,9612005,STATE PRIMARY MCL VIOL - NOT CR6,"1,2,3-TRICHLOROPROPANE",0.000009,MG/L,0.000005,MG/L,7/1/18,9/30/18,9619006,7/6/18,CA STATE ACTION ISSUED,2018,1.8,CA1500344,32,-119.1084072,35.26636645,
CA5400964,1400023,STATE PRIMARY MCL VIOL - NOT CR6,"1,2,3-TRICHLOROPROPANE",0.0000488,MG/L,0.0000005,MG/L,1/1/18,3/31/18,1404764,4/6/18,CA STATE ACTION ISSUED,2018,97.6,CA5400964,44,-119.188147,35.79599265,
CA1500344,9612004,STATE PRIMARY MCL VIOL - NOT CR6,"1,2,3-TRICHLOROPROPANE",0.000009,MG/L,0.000005,MG/L,4/1/18,6/30/18,9619006,7/6/18,CA STATE ACTION ISSUED,2018,1.8,CA1500344,32,-119.1084072,35.26636645,
CA5400964,1400032,STATE PRIMARY MCL VIOL - NOT CR6,"1,2,3-TRICHLOROPROPANE",0.31,UG/L,0.005,UG/L,1/1/19,3/31/19,1404764,4/6/18,CA STATE ACTION ISSUED,2019,62,CA5400964,44,-119.188147,35.79599265,
CA5400964,1400027,"MCL, SINGLE SAMPLE",NITRATE,13.5,MG/L,10,MG/L,7/1/18,9/30/18,1404758,11/13/15,FORMAL ENFORCEMENT ACTION ISSUED,2018,1.35,CA5400964,44,-119.188147,35.79599265,
CA5400964,1400024,"MCL, SINGLE SAMPLE",NITRATE,13.1,MG/L,10,MG/L,4/1/18,6/30/18,1404758,11/13/15,FORMAL ENFORCEMENT ACTION ISSUED,2018,1.31,CA5400964,44,-119.188147,35.79599265,
CA5400964,1400029,"MCL, SINGLE SAMPLE",NITRATE,13,MG/L,10,MG/L,10/1/18,12/31/18,1404758,11/13/15,FORMAL ENFORCEMENT ACTION ISSUED,2018,1.3,CA5400964,44,-119.188147,35.79599265,
CA2610003,9913029,"MCL, AVERAGE",ARSENIC,0.0245,MG/L, ,,4/1/18,6/30/18,9913012,3/6/15,FORMAL ENFORCEMENT ACTION ISSUED,2018,unk,CA2610003,850,-119.2244085,38.24413519,
CA1500231,9812010,STATE PRIMARY MCL VIOL - NOT CR6,"1,2,3-TRICHLOROPROPANE",0.000203,MG/L,0.000005,MG/L,7/1/18,9/30/18,9919011,4/26/18,CA STATE ACTION ISSUED,2018,40.6,CA1500231,849,-118.9281568,35.34163959,
CA1500231,9812009,STATE PRIMARY MCL VIOL - NOT CR6,"1,2,3-TRICHLOROPROPANE",0.000148,MG/L,0.000005,MG/L,4/1/18,6/30/18,9919011,4/26/18,CA STATE ACTION ISSUED,2018,29.6,CA1500231,849,-118.9281568,35.34163959,
CA1500231,9812008,STATE PRIMARY MCL VIOL - NOT CR6,"1,2,3-TRICHLOROPROPANE",0.000078,MG/L,0.000005,MG/L,1/1/18,3/31/18,9919011,4/26/18,CA STATE ACTION ISSUED,2018,15.6,CA1500231,849,-118.9281568,35.34163959,
CA1500289,9912005,STATE PRIMARY MCL VIOL - NOT CR6,"1,2,3-TRICHLOROPROPANE",0.000016,MG/L, ,,7/1/18,9/30/18,9919006,5/18/18,CA STATE ACTION ISSUED,2018,unk,CA1500289,150,-118.9127749,35.30622844,
CA2702550,1600050,"MCL, AVERAGE",ARSENIC,0.059,MG/L,0.01,MG/L,7/1/18,9/30/18,1606224,6/18/15,OTHER INFORMAL ENFORCEMENT ACTION TAKEN,2018,5.9,CA2702550,25,-121.6461606,36.6026221,OUT-OF-COMPLIANCE
CA5400964,1400022,"MCL, SINGLE SAMPLE",NITRATE,13.8,MG/L,10,MG/L,1/1/18,3/31/18,1404758,11/13/15,FORMAL ENFORCEMENT ACTION ISSUED,2018,1.38,CA5400964,44,-119.188147,35.79599265,
CA5400964,1400031,"MCL, SINGLE SAMPLE",NITRATE,13.7,MG/L,10,MG/L,1/1/19,3/31/19,1404758,11/13/15,FORMAL ENFORCEMENT ACTION ISSUED,2019,1.37,CA5400964,44,-119.188147,35.79599265,
CA5000057,1480004,"MCL, AVERAGE",ARSENIC,0.011,MG/L,0.01,MG/L,1/1/18,3/31/18,1480002,11/1/17,FORMAL ENFORCEMENT ACTION ISSUED,2018,1.1,CA5000057,75,-120.9186885,37.56621254,
CA3601015,1700058,"MCL, AVERAGE",ARSENIC,41.5,UG/L,10,UG/L,10/1/18,12/31/18,1500171,3/22/17,FORMAL ENFORCEMENT ACTION ISSUED,2018,4.15,CA3601015,1000,-116.5823565,34.95008344,
CA5000051,1680013,"MCL, AVERAGE",ARSENIC,0.013,MG/L,0.01,MG/L,7/1/18,9/30/18,1080001,9/20/10,FORMAL ENFORCEMENT ACTION ISSUED,2018,1.3,CA5000051,125,-120.9275795,37.56853954,
CA3600504,1700041,"MCL, AVERAGE",COMBINED URANIUM,33,PCI/L,20,PCI/L,1/1/18,3/31/18,1500197,5/12/17,OTHER INFORMAL ENFORCEMENT ACTION TAKEN,2018,1.65,CA3600504,500,-116.1638659,34.72444,
CA3600504,1700040,"MCL, AVERAGE",ARSENIC,16,UG/L,10,UG/L,1/1/18,3/31/18,1500197,5/12/17,OTHER INFORMAL ENFORCEMENT ACTION TAKEN,2018,1.6,CA3600504,500,-116.1638659,34.72444,
CA5000051,1680014,"MCL, AVERAGE",ARSENIC,0.013,MG/L,0.01,MG/L,10/1/18,12/31/18,1080001,9/20/10,FORMAL ENFORCEMENT ACTION ISSUED,2018,1.3,CA5000051,125,-120.9275795,37.56853954,
CA2610003,9913030,"MCL, AVERAGE",ARSENIC,0.0242,MG/L, ,,7/1/18,9/30/18,9913012,3/6/15,FORMAL ENFORCEMENT ACTION ISSUED,2018,unk,CA2610003,850,-119.2244085,38.24413519,
CA2610003,9913028,"MCL, AVERAGE",ARSENIC,0.017,MG/L, ,,1/1/18,3/31/18,9913012,3/6/15,FORMAL ENFORCEMENT ACTION ISSUED,2018,unk,CA2610003,850,-119.2244085,38.24413519,
CA3600504,1700042,"MCL, AVERAGE",COMBINED URANIUM,28,PCI/L,20,PCI/L,4/1/18,6/30/18,1500197,5/12/17,OTHER INFORMAL ENFORCEMENT ACTION TAKEN,2018,1.4,CA3600504,500,-116.1638659,34.72444,
CA5000051,1680011,"MCL, AVERAGE",ARSENIC,0.013,MG/L,0.01,MG/L,4/1/18,6/30/18,1080001,9/20/10,FORMAL ENFORCEMENT ACTION ISSUED,2018,1.3,CA5000051,125,-120.9275795,37.56853954,
CA3600504,1700045,"MCL, AVERAGE",COMBINED URANIUM,24,PCI/L,20,PCI/L,7/1/18,9/30/18,1500197,5/12/17,OTHER INFORMAL ENFORCEMENT ACTION TAKEN,2018,1.2,CA3600504,500,-116.1638659,34.72444,
CA2702550,1600049,"MCL, AVERAGE",ARSENIC,0.051,MG/L,0.01,MG/L,4/1/18,6/30/18,1606224,6/18/15,OTHER INFORMAL ENFORCEMENT ACTION TAKEN,2018,5.1,CA2702550,25,-121.6461606,36.6026221,OUT-OF-COMPLIANCE
CA5000077,1680011,"MCL, AVERAGE",ARSENIC,0.019,MG/L,0.01,MG/L,4/1/18,6/30/18,1680001,4/22/16,FORMAL ENFORCEMENT ACTION ISSUED,2018,1.9,CA5000077,161,-120.9581603,37.56508375,
CA3601015,1700050,"MCL, AVERAGE",ARSENIC,33,UG/L,10,UG/L,1/1/18,3/31/18,1500171,3/22/17,FORMAL ENFORCEMENT ACTION ISSUED,2018,3.3,CA3601015,1000,-116.5823565,34.95008344,
CA1502569,9619030,"MCL, AVERAGE",ARSENIC,0.017,MG/L,0.01,MG/L,1/1/18,3/31/18,1119023,5/26/15,FORMAL ENFORCEMENT ACTION ISSUED,2018,1.7,CA1502569,35,-118.2356909,34.85964913,
CA2702550,1600050,"MCL, AVERAGE",ARSENIC,0.059,MG/L,0.01,MG/L,7/1/18,9/30/18,1506103,6/18/15,FORMAL ENFORCEMENT ACTION ISSUED,2018,5.9,CA2702550,25,-121.6461606,36.6026221,OUT-OF-COMPLIANCE
CA1502569,9619033,"MCL, AVERAGE",ARSENIC,0.017,MG/L,0.01,MG/L,10/1/18,12/31/18,1119023,5/26/15,FORMAL ENFORCEMENT ACTION ISSUED,2018,1.7,CA1502569,35,-118.2356909,34.85964913,
CA5400844,1,STATE PRIMARY MCL VIOL - NOT CR6,"1,2,3-TRICHLOROPROPANE",0.008,UG/L,0.005,UG/L,4/1/18,6/30/18,1,8/21/18,CA STATE ACTION ISSUED,2018,1.6,CA5400844,530,-119.2696057,36.31301316,OUT-OF-COMPLIANCE
CA5400903,1300024,STATE PRIMARY MCL VIOL - NOT CR6,"1,2,3-TRICHLOROPROPANE", ,, ,,10/1/18,12/31/18,1304607,3/6/19,CA STATE ACTION ISSUED,2018,unk,CA5400903,500,-119.2388574,36.28919729,
CA5000077,1680013,"MCL, AVERAGE",ARSENIC,0.02,MG/L,0.01,MG/L,7/1/18,9/30/18,1680001,4/22/16,FORMAL ENFORCEMENT ACTION ISSUED,2018,2,CA5000077,161,-120.9581603,37.56508375,
CA5000077,1680012,"MCL, AVERAGE",ARSENIC,0.02,MG/L,0.01,MG/L,10/1/18,12/31/18,1680001,4/22/16,FORMAL ENFORCEMENT ACTION ISSUED,2018,2,CA5000077,161,-120.9581603,37.56508375,
CA2600622,1600053,"MCL, AVERAGE",ARSENIC,0.062,MG/L,0.01,MG/L,10/1/18,12/31/18,9900019,2/8/19,FORMAL ENFORCEMENT ACTION ISSUED,2018,6.2,CA2600622,84,-119.4903091,38.53277552,
CA3601015,1700056,"MCL, AVERAGE",ARSENIC,39,UG/L,10,UG/L,7/1/18,9/30/18,1500171,3/22/17,FORMAL ENFORCEMENT ACTION ISSUED,2018,3.9,CA3601015,1000,-116.5823565,34.95008344,
CA2410010,9611008,STATE PRIMARY MCL VIOL - NOT CR6,"1,2,3-TRICHLOROPROPANE",0.013,UG/L,0.005,UG/L,7/1/18,9/30/18,9611010,5/9/18,CA STATE ACTION ISSUED,2018,2.6,CA2410010,8500,-120.6164054,37.38743484,
CA3601015,1700053,"MCL, AVERAGE",ARSENIC,37,UG/L,10,UG/L,4/1/18,6/30/18,1500171,3/22/17,FORMAL ENFORCEMENT ACTION ISSUED,2018,3.7,CA3601015,1000,-116.5823565,34.95008344,
CA2410010,9611009,STATE PRIMARY MCL VIOL - NOT CR6,"1,2,3-TRICHLOROPROPANE",0.013,UG/L,0.005,UG/L,10/1/18,12/31/18,9611010,5/9/18,CA STATE ACTION ISSUED,2018,2.6,CA2410010,8500,-120.6164054,37.38743484,
CA2410010,9611005,STATE PRIMARY MCL VIOL - NOT CR6,"1,2,3-TRICHLOROPROPANE",0.000008,MG/L,0.000005,MG/L,1/1/18,3/31/18,9611010,5/9/18,CA STATE ACTION ISSUED,2018,1.6,CA2410010,8500,-120.6164054,37.38743484,
CA5000077,1680010,"MCL, AVERAGE",ARSENIC,0.019,MG/L,0.01,MG/L,1/1/18,3/31/18,1680001,4/22/16,FORMAL ENFORCEMENT ACTION ISSUED,2018,1.9,CA5000077,161,-120.9581603,37.56508375,
CA2410011,9511010,STATE PRIMARY MCL VIOL - NOT CR6,"1,2,3-TRICHLOROPROPANE",0.006,UG/L,0.005,UG/L,1/1/19,3/31/19,9711023,5/28/19,FORMAL ENFORCEMENT ACTION ISSUED,2019,1.2,CA2410011,1700,-120.2517865,37.22901054,
CA5000086,9780009,"MCL, AVERAGE",ARSENIC,0.012,MG/L,0.01,MG/L,10/1/18,12/31/18,9780002,7/11/17,FORMAL ENFORCEMENT ACTION ISSUED,2018,1.2,CA5000086,60,-120.8955087,37.54311007,
CA5000086,9780008,"MCL, AVERAGE",ARSENIC,0.012,MG/L,0.01,MG/L,7/1/18,9/30/18,9780002,7/11/17,FORMAL ENFORCEMENT ACTION ISSUED,2018,1.2,CA5000086,60,-120.8955087,37.54311007,
CA5400844,4,STATE PRIMARY MCL VIOL - NOT CR6,"1,2,3-TRICHLOROPROPANE",0.016,UG/L,0.005,UG/L,1/1/19,3/31/19,1,8/21/18,CA STATE ACTION ISSUED,2019,3.2,CA5400844,530,-119.2696057,36.31301316,OUT-OF-COMPLIANCE
CA5400844,3,STATE PRIMARY MCL VIOL - NOT CR6,"1,2,3-TRICHLOROPROPANE",0.015,UG/L,0.005,UG/L,10/1/18,12/31/18,1,8/21/18,CA STATE ACTION ISSUED,2018,3,CA5400844,530,-119.2696057,36.31301316,OUT-OF-COMPLIANCE
CA5400844,2,STATE PRIMARY MCL VIOL - NOT CR6,"1,2,3-TRICHLOROPROPANE",0.012,UG/L,0.005,UG/L,7/1/18,9/30/18,1,8/21/18,CA STATE ACTION ISSUED,2018,2.4,CA5400844,530,-119.2696057,36.31301316,OUT-OF-COMPLIANCE
CA5402047,9500030,"MCL, SINGLE SAMPLE",NITRATE,40,MG/L,10,MG/L,7/1/18,9/30/18,9500489,5/3/16,FORMAL ENFORCEMENT ACTION ISSUED,2018,4,CA5402047,31,-119.3423785,36.57253748,
CA3600391,1600010,"MCL, AVERAGE",NITRATE,11.75,MG/L,10,MG/L,1/1/18,3/31/18,1500154,2/8/18,FORMAL ENFORCEMENT ACTION ISSUED,2018,1.175,CA3600391,900,-117.0696973,34.01340516,
CA3600391,1600011,"MCL, AVERAGE",NITRATE,11.3,MG/L,10,MG/L,4/1/18,6/30/18,1500154,2/8/18,FORMAL ENFORCEMENT ACTION ISSUED,2018,1.13,CA3600391,900,-117.0696973,34.01340516,
CA2600622,1600052,"MCL, AVERAGE",ARSENIC,0.055,MG/L,0.01,MG/L,7/1/18,9/30/18,9900019,2/8/19,FORMAL ENFORCEMENT ACTION ISSUED,2018,5.5,CA2600622,84,-119.4903091,38.53277552,
CA5402047,9500035,"MCL, SINGLE SAMPLE",NITRATE,43,MG/L,10,MG/L,1/1/19,3/31/19,9500489,5/3/16,FORMAL ENFORCEMENT ACTION ISSUED,2019,4.3,CA5402047,31,-119.3423785,36.57253748,
CA5402047,9500027,"MCL, SINGLE SAMPLE",NITRATE,43,MG/L,10,MG/L,1/1/18,3/31/18,9500489,5/3/16,FORMAL ENFORCEMENT ACTION ISSUED,2018,4.3,CA5402047,31,-119.3423785,36.57253748,
CA2600622,1600051,"MCL, AVERAGE",ARSENIC,0.05,MG/L,0.01,MG/L,4/1/18,6/30/18,9900019,2/8/19,FORMAL ENFORCEMENT ACTION ISSUED,2018,5,CA2600622,84,-119.4903091,38.53277552,
CA5000086,9780006,"MCL, AVERAGE",ARSENIC,0.011,MG/L,0.01,MG/L,1/1/18,3/31/18,9780002,7/11/17,FORMAL ENFORCEMENT ACTION ISSUED,2018,1.1,CA5000086,60,-120.8955087,37.54311007,
CA5000086,9780007,"MCL, AVERAGE",ARSENIC,0.011,MG/L,0.01,MG/L,4/1/18,6/30/18,9780002,7/11/17,FORMAL ENFORCEMENT ACTION ISSUED,2018,1.1,CA5000086,60,-120.8955087,37.54311007,
CA1900785,1600011,"MCL, AVERAGE",ARSENIC,24,UG/L, ,,7/1/18,9/30/18,1500037,4/9/15,FORMAL ENFORCEMENT ACTION ISSUED,2018,unk,CA1900785,24,-118.1448172,34.76334716,
CA5402047,9500028,"MCL, SINGLE SAMPLE",NITRATE,42,MG/L,10,MG/L,4/1/18,6/30/18,9500489,5/3/16,FORMAL ENFORCEMENT ACTION ISSUED,2018,4.2,CA5402047,31,-119.3423785,36.57253748,
CA2400079,1300010,STATE PRIMARY MCL VIOL - NOT CR6,"1,2,3-TRICHLOROPROPANE",0.015,UG/L,0.005,UG/L,7/1/18,9/30/18,1100184,3/29/18,CA STATE ACTION ISSUED,2018,3,CA2400079,950,-120.5673532,37.30056213,
CA5402047,9500033,"MCL, SINGLE SAMPLE",NITRATE,42,MG/L,10,MG/L,10/1/18,12/31/18,9500489,5/3/16,FORMAL ENFORCEMENT ACTION ISSUED,2018,4.2,CA5402047,31,-119.3423785,36.57253748,
CA3600504,1700044,"MCL, AVERAGE",ARSENIC,19,UG/L,10,UG/L,7/1/18,9/30/18,1500197,5/12/17,OTHER INFORMAL ENFORCEMENT ACTION TAKEN,2018,1.9,CA3600504,500,-116.1638659,34.72444,
CA2400079,1300014,STATE PRIMARY MCL VIOL - NOT CR6,"1,2,3-TRICHLOROPROPANE",0.015,UG/L,0.005,UG/L,1/1/19,3/31/19,1100184,3/29/18,CA STATE ACTION ISSUED,2019,3,CA2400079,950,-120.5673532,37.30056213,
CA5402047,9500038,"MCL, SINGLE SAMPLE",NITRATE,41,MG/L,10,MG/L,4/1/19,6/30/19,9500489,5/3/16,FORMAL ENFORCEMENT ACTION ISSUED,2019,4.1,CA5402047,31,-119.3423785,36.57253748,
CA2400079,1300009,STATE PRIMARY MCL VIOL - NOT CR6,"1,2,3-TRICHLOROPROPANE",0.013,UG/L,0.005,UG/L,7/1/18,9/30/18,1100184,3/29/18,CA STATE ACTION ISSUED,2018,2.6,CA2400079,950,-120.5673532,37.30056213,
CA2400079,1300008,STATE PRIMARY MCL VIOL - NOT CR6,"1,2,3-TRICHLOROPROPANE",0.013,UG/L,0.005,UG/L,4/1/18,6/30/18,1100184,3/29/18,CA STATE ACTION ISSUED,2018,2.6,CA2400079,950,-120.5673532,37.30056213,
CA2400079,1300007,STATE PRIMARY MCL VIOL - NOT CR6,"1,2,3-TRICHLOROPROPANE",0.01,UG/L,0.005,UG/L,4/1/18,6/30/18,1100184,3/29/18,CA STATE ACTION ISSUED,2018,2,CA2400079,950,-120.5673532,37.30056213,
CA1900520,1700018,"MCL, AVERAGE",ARSENIC,44,UG/L, ,,7/1/18,9/30/18,1500036,4/9/15,FORMAL ENFORCEMENT ACTION ISSUED,2018,unk,CA1900520,50,-118.134937,34.73400162,
CA3600504,1700043,"MCL, AVERAGE",ARSENIC,17,UG/L,10,UG/L,4/1/18,6/30/18,1500197,5/12/17,OTHER INFORMAL ENFORCEMENT ACTION TAKEN,2018,1.7,CA3600504,500,-116.1638659,34.72444,
CA2400079,1300006,STATE PRIMARY MCL VIOL - NOT CR6,"1,2,3-TRICHLOROPROPANE",0.000008,MG/L,0.000005,MG/L,1/1/18,3/31/18,1100184,3/29/18,CA STATE ACTION ISSUED,2018,1.6,CA2400079,950,-120.5673532,37.30056213,
CA2400084,4,STATE PRIMARY MCL VIOL - NOT CR6,"1,2,3-TRICHLOROPROPANE",0.039,UG/L,0.005,UG/L,10/1/18,12/31/18,1,6/5/18,FORMAL ENFORCEMENT ACTION ISSUED,2018,7.8,CA2400084,36,-120.596207,37.38015159,
CA2400084,5,"MCL, AVERAGE","1,2,3-TRICHLOROPROPANE",0.037,UG/L,0.005,UG/L,1/1/19,,1,6/5/18,FORMAL ENFORCEMENT ACTION ISSUED,2019,7.4,CA2400084,36,-120.596207,37.38015159,
CA1900961,1600013,"MCL, AVERAGE",ARSENIC,45,UG/L, ,,7/1/18,9/30/18,1500038,4/9/15,FORMAL ENFORCEMENT ACTION ISSUED,2018,unk,CA1900961,56,-118.4572272,34.77390906,
CA2400071,9600004,"MCL, SINGLE SAMPLE",NITRATE,12,UG/L,10,UG/L,1/1/18,3/31/18,9700116,1/30/18,FORMAL ENFORCEMENT ACTION ISSUED,2018,1.2,CA2400071,196,-120.565191,37.43968804,
CA5000085,9780007,"MCL, AVERAGE",ARSENIC,0.016,MG/L,0.01,MG/L,1/1/18,3/31/18,1180001,3/19/10,FORMAL ENFORCEMENT ACTION ISSUED,2018,1.6,CA5000085,100,-120.9000527,37.55220332,
CA2400079,1300012,STATE PRIMARY MCL VIOL - NOT CR6,"1,2,3-TRICHLOROPROPANE",0.019,UG/L,0.005,UG/L,10/1/18,12/31/18,1100184,3/29/18,CA STATE ACTION ISSUED,2018,3.8,CA2400079,950,-120.5673532,37.30056213,
CA1900961,1600015,"MCL, AVERAGE",ARSENIC,49,UG/L, ,,1/1/18,3/31/18,1500038,4/9/15,FORMAL ENFORCEMENT ACTION ISSUED,2018,unk,CA1900961,56,-118.4572272,34.77390906,
CA2400079,1300013,STATE PRIMARY MCL VIOL - NOT CR6,"1,2,3-TRICHLOROPROPANE",0.018,UG/L,0.005,UG/L,1/1/19,3/31/19,1100184,3/29/18,CA STATE ACTION ISSUED,2019,3.6,CA2400079,950,-120.5673532,37.30056213,
CA2400079,1300011,STATE PRIMARY MCL VIOL - NOT CR6,"1,2,3-TRICHLOROPROPANE",0.016,UG/L,0.005,UG/L,10/1/18,12/31/18,1100184,3/29/18,CA STATE ACTION ISSUED,2018,3.2,CA2400079,950,-120.5673532,37.30056213,
CA2400099,9700004,STATE PRIMARY MCL VIOL - NOT CR6,"1,2,3-TRICHLOROPROPANE",0.021,UG/L,0.005,UG/L,1/1/19,3/31/19,9700096,9/21/18,FORMAL ENFORCEMENT ACTION ISSUED,2019,4.2,CA2400099,100,-120.6486113,37.39236188,
CA3600025,1600032,"MCL, AVERAGE",ARSENIC,17.5,UG/L,10,UG/L,10/1/18,12/31/18,1500197,3/12/18,FORMAL ENFORCEMENT ACTION ISSUED,2018,1.75,CA3600025,124,-117.1301056,34.85312126,
CA2400099,9700003,STATE PRIMARY MCL VIOL - NOT CR6,"1,2,3-TRICHLOROPROPANE",0.02,UG/L,0.005,UG/L,10/1/18,12/31/18,9700096,9/21/18,FORMAL ENFORCEMENT ACTION ISSUED,2018,4,CA2400099,100,-120.6486113,37.39236188,
CA2400099,9700002,STATE PRIMARY MCL VIOL - NOT CR6,"1,2,3-TRICHLOROPROPANE",0.01,UG/L,0.005,UG/L,7/1/18,9/30/18,9700096,9/21/18,FORMAL ENFORCEMENT ACTION ISSUED,2018,2,CA2400099,100,-120.6486113,37.39236188,
CA5400994,900005,"MCL, SINGLE SAMPLE",NITRATE,11.5,MG/L,10,MG/L,1/1/19,3/31/19,9900420,4/3/19,FORMAL ENFORCEMENT ACTION ISSUED,2019,1.15,CA5400994,275,-119.0174761,36.07007535,RETURNED TO COMPLIANCE
CA5401003,1400117,STATE PRIMARY MCL VIOL - NOT CR6,"1,2,3-TRICHLOROPROPANE", ,, ,,10/1/18,12/31/18,9800214,2/15/19,CA STATE ACTION ISSUED,2018,unk,CA5401003,932,-119.2616193,36.54718102,
CA2400084,3,STATE PRIMARY MCL VIOL - NOT CR6,"1,2,3-TRICHLOROPROPANE",0.027,UG/L,0.005,UG/L,7/1/18,9/30/18,1,6/5/18,FORMAL ENFORCEMENT ACTION ISSUED,2018,5.4,CA2400084,36,-120.596207,37.38015159,
CA2400084,1,STATE PRIMARY MCL VIOL - NOT CR6,"1,2,3-TRICHLOROPROPANE",0.000013,MG/L,0.000005,MG/L,1/1/18,3/31/18,1,6/5/18,FORMAL ENFORCEMENT ACTION ISSUED,2018,2.6,CA2400084,36,-120.596207,37.38015159,
CA2701926,9700012,"MCL, AVERAGE",ARSENIC,0.027,MG/L,0.01,MG/L,7/1/18,9/30/18,9700207,12/8/15,OTHER INFORMAL ENFORCEMENT ACTION TAKEN,2018,2.7,CA2701926,210,-121.6582414,36.80607099,
CA2400084,2,STATE PRIMARY MCL VIOL - NOT CR6,"1,2,3-TRICHLOROPROPANE",0.013,UG/L,0.005,UG/L,4/1/18,6/30/18,1,6/5/18,FORMAL ENFORCEMENT ACTION ISSUED,2018,2.6,CA2400084,36,-120.596207,37.38015159,
CA2701926,9700012,"MCL, AVERAGE",ARSENIC,0.027,MG/L,0.01,MG/L,7/1/18,9/30/18,1506169,12/8/15,FORMAL ENFORCEMENT ACTION ISSUED,2018,2.7,CA2701926,210,-121.6582414,36.80607099,
CA2400097,9800009,STATE PRIMARY MCL VIOL - NOT CR6,"1,2,3-TRICHLOROPROPANE",0.178,UG/L,0.005,UG/L,10/1/18,12/31/18,9700137,3/29/18,CA STATE ACTION ISSUED,2018,35.6,CA2400097,155,-120.6665063,37.42109996,
CA2400097,9800008,STATE PRIMARY MCL VIOL - NOT CR6,"1,2,3-TRICHLOROPROPANE",0.16,UG/L,0.005,UG/L,7/1/18,9/30/18,9700137,3/29/18,CA STATE ACTION ISSUED,2018,32,CA2400097,155,-120.6665063,37.42109996,
CA1500588,9919044,STATE PRIMARY MCL VIOL - NOT CR6,"1,2,3-TRICHLOROPROPANE",0.000109,MG/L,0.000005,MG/L,7/1/18,9/30/18,9619007,3/13/18,CA STATE ACTION ISSUED,2018,21.8,CA1500588,438,-118.7039557,35.73002138,
CA2400097,9800010,STATE PRIMARY MCL VIOL - NOT CR6,"1,2,3-TRICHLOROPROPANE",0.141,UG/L,0.005,UG/L,1/1/19,3/31/19,9700137,3/29/18,CA STATE ACTION ISSUED,2019,28.2,CA2400097,155,-120.6665063,37.42109996,
CA3600025,1600029,"MCL, AVERAGE",ARSENIC,15.3,UG/L,10,UG/L,1/1/18,3/31/18,1500195,7/13/17,FORMAL ENFORCEMENT ACTION ISSUED,2018,1.53,CA3600025,124,-117.1301056,34.85312126,
CA1500588,9919043,STATE PRIMARY MCL VIOL - NOT CR6,"1,2,3-TRICHLOROPROPANE",0.000109,MG/L,0.000005,MG/L,4/1/18,6/30/18,9619007,3/13/18,CA STATE ACTION ISSUED,2018,21.8,CA1500588,438,-118.7039557,35.73002138,
CA2400097,9800007,STATE PRIMARY MCL VIOL - NOT CR6,"1,2,3-TRICHLOROPROPANE",0.115,UG/L,0.005,UG/L,4/1/18,6/30/18,9700137,3/29/18,CA STATE ACTION ISSUED,2018,23,CA2400097,155,-120.6665063,37.42109996,
CA1500588,9919039,STATE PRIMARY MCL VIOL - NOT CR6,"1,2,3-TRICHLOROPROPANE",0.000055,MG/L,0.000005,MG/L,1/1/18,3/31/18,9619007,3/13/18,CA STATE ACTION ISSUED,2018,11,CA1500588,438,-118.7039557,35.73002138,
CA2400097,9800006,STATE PRIMARY MCL VIOL - NOT CR6,"1,2,3-TRICHLOROPROPANE",0.000065,MG/L,0.000005,MG/L,1/1/18,3/31/18,9700137,3/29/18,CA STATE ACTION ISSUED,2018,13,CA2400097,155,-120.6665063,37.42109996,
CA5400994,900006,"MCL, SINGLE SAMPLE",NITRATE,12,MG/L,10,MG/L,4/1/19,6/30/19,9900420,4/3/19,FORMAL ENFORCEMENT ACTION ISSUED,2019,1.2,CA5400994,275,-119.0174761,36.07007535,RETURNED TO COMPLIANCE
CA5401003,1400103,"MCL, SINGLE SAMPLE",NITRATE,11.3,MG/L,10,MG/L,1/1/18,3/31/18,9800196,11/9/15,FORMAL ENFORCEMENT ACTION ISSUED,2018,1.13,CA5401003,932,-119.2616193,36.54718102,
CA5000085,9780010,"MCL, AVERAGE",ARSENIC,0.016,MG/L,0.01,MG/L,10/1/18,12/31/18,1180001,3/19/10,FORMAL ENFORCEMENT ACTION ISSUED,2018,1.6,CA5000085,100,-120.9000527,37.55220332,
CA5401003,1400119,"MCL, SINGLE SAMPLE",NITRATE,11,MG/L,10,MG/L,1/1/19,3/31/19,9800196,11/9/15,FORMAL ENFORCEMENT ACTION ISSUED,2019,1.1,CA5401003,932,-119.2616193,36.54718102,
CA1900038,1600012,"MCL, AVERAGE",ARSENIC,15,UG/L, ,,7/1/18,9/30/18,1500034,4/9/15,FORMAL ENFORCEMENT ACTION ISSUED,2018,unk,CA1900038,61,-118.1318218,34.74626645,
CA1900038,1600010,"MCL, AVERAGE",ARSENIC,14,UG/L, ,,1/1/18,3/31/18,1500034,4/9/15,FORMAL ENFORCEMENT ACTION ISSUED,2018,unk,CA1900038,61,-118.1318218,34.74626645,
CA5000085,9780009,"MCL, AVERAGE",ARSENIC,0.016,MG/L,0.01,MG/L,7/1/18,9/30/18,1180001,3/19/10,FORMAL ENFORCEMENT ACTION ISSUED,2018,1.6,CA5000085,100,-120.9000527,37.55220332,
CA5000085,9780008,"MCL, AVERAGE",ARSENIC,0.016,MG/L,0.01,MG/L,4/1/18,6/30/18,1180001,3/19/10,FORMAL ENFORCEMENT ACTION ISSUED,2018,1.6,CA5000085,100,-120.9000527,37.55220332,
CA3600025,1600030,"MCL, AVERAGE",ARSENIC,16,UG/L,10,UG/L,4/1/18,6/30/18,1500197,3/12/18,FORMAL ENFORCEMENT ACTION ISSUED,2018,1.6,CA3600025,124,-117.1301056,34.85312126,
CA2300590,9603037,"MCL, LRAA",TTHM,110.8,UG/L, ,,1/1/19,3/31/19,9703005,3/1/18,FORMAL ENFORCEMENT ACTION ISSUED,2019,unk,CA2300590,160,-123.7947733,39.32538368,
CA3600025,1600031,"MCL, AVERAGE",ARSENIC,16,UG/L,10,UG/L,7/1/18,9/30/18,1500197,3/12/18,FORMAL ENFORCEMENT ACTION ISSUED,2018,1.6,CA3600025,124,-117.1301056,34.85312126,
CA5402036,1200012,"MCL, AVERAGE",ARSENIC,0.0125,MG/L,0.01,MG/L,1/1/19,3/31/19,1304347,5/3/19,FORMAL ENFORCEMENT ACTION ISSUED,2019,1.25,CA5402036,330,-118.525334,35.97120782,
CA1500588,9919045,"MCL, SINGLE SAMPLE",NITRATE,21,MG/L,10,MG/L,10/1/18,12/31/18,1219010,7/3/12,FORMAL ENFORCEMENT ACTION ISSUED,2018,2.1,CA1500588,438,-118.7039557,35.73002138,
CA1500588,9919046,"MCL, SINGLE SAMPLE",NITRATE,20,MG/L,10,MG/L,1/1/19,3/31/19,1219010,7/3/12,FORMAL ENFORCEMENT ACTION ISSUED,2019,2,CA1500588,438,-118.7039557,35.73002138,
CA5401003,1400106,"MCL, SINGLE SAMPLE",NITRATE,12.3,MG/L,10,MG/L,7/1/18,9/30/18,9800196,11/9/15,FORMAL ENFORCEMENT ACTION ISSUED,2018,1.23,CA5401003,932,-119.2616193,36.54718102,
CA1900520,1700020,"MCL, AVERAGE",ARSENIC,42,UG/L, ,,1/1/18,3/31/18,1700177,7/22/14,FORMAL ENFORCEMENT ACTION ISSUED,2018,unk,CA1900520,50,-118.134937,34.73400162,
CA5401003,1400104,"MCL, SINGLE SAMPLE",NITRATE,11.4,MG/L,10,MG/L,4/1/18,6/30/18,9800196,11/9/15,FORMAL ENFORCEMENT ACTION ISSUED,2018,1.14,CA5401003,932,-119.2616193,36.54718102,
CA1900100,1600009,"MCL, AVERAGE",ARSENIC,16,UG/L, ,,1/1/18,3/31/18,1500035,4/9/15,FORMAL ENFORCEMENT ACTION ISSUED,2018,unk,CA1900100,135,-118.6340367,34.78636085,
CA1400036,1500081,"MCL, AVERAGE",ARSENIC,0.077,MG/L,0.01,MG/L,1/1/18,3/31/18,1500013,3/21/16,FORMAL ENFORCEMENT ACTION ISSUED,2018,7.7,CA1400036,50,-117.8741374,36.48908064,
CA1502231,9812020,"MCL, AVERAGE",ARSENIC,0.011,MG/L,0.01,MG/L,10/1/18,12/31/18,9819006,4/24/17,FORMAL ENFORCEMENT ACTION ISSUED,2018,1.1,CA1502231,940,-118.1684616,34.85804657,OUT-OF-COMPLIANCE
CA1900100,1600011,"MCL, AVERAGE",ARSENIC,15,UG/L, ,,7/1/18,9/30/18,1500035,4/9/15,FORMAL ENFORCEMENT ACTION ISSUED,2018,unk,CA1900100,135,-118.6340367,34.78636085,
CA1900100,1600010,"MCL, AVERAGE",ARSENIC,14,UG/L, ,,4/1/18,6/30/18,1500035,4/9/15,FORMAL ENFORCEMENT ACTION ISSUED,2018,unk,CA1900100,135,-118.6340367,34.78636085,
CA5400735,1400067,"MCL, SINGLE SAMPLE",NITRATE,21,MG/L,10,MG/L,1/1/19,3/31/19,9800441,11/3/15,FORMAL ENFORCEMENT ACTION ISSUED,2019,2.1,CA5400735,110,-119.1421927,35.80784052,
CA3500923,1205027,"MCL, LRAA",TTHM,0.134,MG/L,0.08,MG/L,4/1/18,6/30/18,1205022,4/18/18,FORMAL ENFORCEMENT ACTION ISSUED,2018,1.675,CA3500923,33,-121.3678782,36.9097636,
CA1400036,1500087,"MCL, AVERAGE",ARSENIC,0.074,UG/L,0.01,UG/L,10/1/18,12/31/18,1500013,3/21/16,FORMAL ENFORCEMENT ACTION ISSUED,2018,7.4,CA1400036,50,-117.8741374,36.48908064,
CA5400735,1400065,STATE PRIMARY MCL VIOL - NOT CR6,"1,2,3-TRICHLOROPROPANE",0.008,UG/L,0.005,UG/L,10/1/18,12/31/18,9800444,12/21/18,CA STATE ACTION ISSUED,2018,1.6,CA5400735,110,-119.1421927,35.80784052,
CA5400735,1400068,STATE PRIMARY MCL VIOL - NOT CR6,"1,2,3-TRICHLOROPROPANE",0.0075,UG/L,0.005,UG/L,1/1/19,3/31/19,9800444,12/21/18,CA STATE ACTION ISSUED,2019,1.5,CA5400735,110,-119.1421927,35.80784052,
CA3510001,9905020,"MCL, LRAA",TTHM,0.092,MG/L,0.08,MG/L,7/1/18,9/30/18,9905016,1/11/19,FORMAL ENFORCEMENT ACTION ISSUED,2018,1.15,CA3510001,22940,-121.4047678,36.860708,
CA3510001,9905021,"MCL, LRAA",TTHM,0.083,MG/L,0.08,MG/L,10/1/18,12/31/18,9905016,1/11/19,FORMAL ENFORCEMENT ACTION ISSUED,2018,1.0375,CA3510001,22940,-121.4047678,36.860708,
CA5400735,1400063,"MCL, SINGLE SAMPLE",NITRATE,26.3,MG/L,10,MG/L,4/1/18,6/30/18,9800441,11/3/15,FORMAL ENFORCEMENT ACTION ISSUED,2018,2.63,CA5400735,110,-119.1421927,35.80784052,
CA1910246,9507130,"MCL, AVERAGE",ARSENIC,0.0143,MG/L,0.01,MG/L,7/1/18,9/30/18,9807021,10/22/15,FORMAL ENFORCEMENT ACTION ISSUED,2018,1.43,CA1910246,1500,-118.2832031,34.75911786,
CA5400735,1400064,"MCL, SINGLE SAMPLE",NITRATE,25.5,MG/L,10,MG/L,7/1/18,9/30/18,9800441,11/3/15,FORMAL ENFORCEMENT ACTION ISSUED,2018,2.55,CA5400735,110,-119.1421927,35.80784052,
CA2410001,9611007,STATE PRIMARY MCL VIOL - NOT CR6,"1,2,3-TRICHLOROPROPANE",0.000007,MG/L,0.000005,MG/L,1/1/18,3/31/18,9511010,5/2/18,CA STATE ACTION ISSUED,2018,1.4,CA2410001,31235,-120.6001864,37.35315807,
CA5400735,1400062,"MCL, SINGLE SAMPLE",NITRATE,23.4,MG/L,10,MG/L,1/1/18,3/31/18,9800441,11/3/15,FORMAL ENFORCEMENT ACTION ISSUED,2018,2.34,CA5400735,110,-119.1421927,35.80784052,
CA5400735,1400066,"MCL, SINGLE SAMPLE",NITRATE,23,MG/L,10,MG/L,10/1/18,12/31/18,9800441,11/3/15,FORMAL ENFORCEMENT ACTION ISSUED,2018,2.3,CA5400735,110,-119.1421927,35.80784052,
CA1502232,9619013,"MCL, AVERAGE",COMBINED URANIUM,35,PCI/L, ,,1/1/19,3/31/19,719007,8/13/07,FORMAL ENFORCEMENT ACTION ISSUED,2019,unk,CA1502232,175,-118.1684616,34.85804657,OUT-OF-COMPLIANCE
CA1910246,9507131,"MCL, AVERAGE",ARSENIC,0.0153,MG/L,0.01,MG/L,10/1/18,12/31/18,9807021,10/22/15,FORMAL ENFORCEMENT ACTION ISSUED,2018,1.53,CA1910246,1500,-118.2832031,34.75911786,
CA5400792,900009,STATE PRIMARY MCL VIOL - NOT CR6,"1,2,3-TRICHLOROPROPANE",0.027,UG/L,0.005,UG/L,1/1/19,3/31/19,903062,5/18/18,CA STATE ACTION ISSUED,2019,5.4,CA5400792,688,-119.1472211,36.08358864,
CA1502232,9619009,"MCL, AVERAGE",COMBINED URANIUM,38,PCI/L,20,PCI/L,1/1/18,3/31/18,719007,8/13/07,FORMAL ENFORCEMENT ACTION ISSUED,2018,1.9,CA1502232,175,-118.1684616,34.85804657,OUT-OF-COMPLIANCE
CA5400792,900008,STATE PRIMARY MCL VIOL - NOT CR6,"1,2,3-TRICHLOROPROPANE",0.025,UG/L,0.005,UG/L,10/1/18,12/31/18,903062,5/18/18,CA STATE ACTION ISSUED,2018,5,CA5400792,688,-119.1472211,36.08358864,
CA1502232,9619011,"MCL, AVERAGE",COMBINED URANIUM,38,PCI/L,20,PCI/L,7/1/18,9/30/18,719007,8/13/07,FORMAL ENFORCEMENT ACTION ISSUED,2018,1.9,CA1502232,175,-118.1684616,34.85804657,OUT-OF-COMPLIANCE
CA5400792,900007,STATE PRIMARY MCL VIOL - NOT CR6,"1,2,3-TRICHLOROPROPANE",0.017,UG/L,0.005,UG/L,7/1/18,9/30/18,903062,5/18/18,CA STATE ACTION ISSUED,2018,3.4,CA5400792,688,-119.1472211,36.08358864,
CA2410001,9611010,STATE PRIMARY MCL VIOL - NOT CR6,"1,2,3-TRICHLOROPROPANE",0.019,UG/L,0.005,UG/L,4/1/18,6/30/18,9511010,5/2/18,CA STATE ACTION ISSUED,2018,3.8,CA2410001,31235,-120.6001864,37.35315807,
CA5400792,900006,STATE PRIMARY MCL VIOL - NOT CR6,"1,2,3-TRICHLOROPROPANE",0.0095,UG/L,0.005,UG/L,4/1/18,6/30/18,903062,5/18/18,CA STATE ACTION ISSUED,2018,1.9,CA5400792,688,-119.1472211,36.08358864,
CA2410001,9611009,STATE PRIMARY MCL VIOL - NOT CR6,"1,2,3-TRICHLOROPROPANE",0.000016,MG/L,0.000005,MG/L,1/1/18,3/31/18,9511010,5/2/18,CA STATE ACTION ISSUED,2018,3.2,CA2410001,31235,-120.6001864,37.35315807,
CA2410001,9611008,STATE PRIMARY MCL VIOL - NOT CR6,"1,2,3-TRICHLOROPROPANE",0.000016,MG/L,0.000005,MG/L,1/1/18,3/31/18,9511010,5/2/18,CA STATE ACTION ISSUED,2018,3.2,CA2410001,31235,-120.6001864,37.35315807,
CA2410001,9611014,STATE PRIMARY MCL VIOL - NOT CR6,"1,2,3-TRICHLOROPROPANE",0.015,UG/L,0.005,UG/L,7/1/18,9/30/18,9511010,5/2/18,CA STATE ACTION ISSUED,2018,3,CA2410001,31235,-120.6001864,37.35315807,
CA2410001,9611025,STATE PRIMARY MCL VIOL - NOT CR6,"1,2,3-TRICHLOROPROPANE",0.012,UG/L,0.005,UG/L,10/1/18,12/31/18,9511010,5/2/18,CA STATE ACTION ISSUED,2018,2.4,CA2410001,31235,-120.6001864,37.35315807,
CA2410001,9611018,STATE PRIMARY MCL VIOL - NOT CR6,"1,2,3-TRICHLOROPROPANE",0.011,UG/L,0.005,UG/L,7/1/18,9/30/18,9511010,5/2/18,CA STATE ACTION ISSUED,2018,2.2,CA2410001,31235,-120.6001864,37.35315807,
CA2410001,9611031,STATE PRIMARY MCL VIOL - NOT CR6,"1,2,3-TRICHLOROPROPANE",0.009,UG/L,0.005,UG/L,1/1/19,3/31/19,9511010,5/2/18,CA STATE ACTION ISSUED,2019,1.8,CA2410001,31235,-120.6001864,37.35315807,
CA2410001,9611019,STATE PRIMARY MCL VIOL - NOT CR6,"1,2,3-TRICHLOROPROPANE",0.008,UG/L,0.005,UG/L,7/1/18,9/30/18,9511010,5/2/18,CA STATE ACTION ISSUED,2018,1.6,CA2410001,31235,-120.6001864,37.35315807,
CA2410002,811025,"MCL, AVERAGE",TTHM,0.105,MG/L,0.08,MG/L,1/1/19,3/31/19,9911004,12/30/14,FORMAL ENFORCEMENT ACTION ISSUED,2019,1.3125,CA2410002,7452,-120.6252832,36.97911158,
CA1910246,9507129,"MCL, AVERAGE",ARSENIC,0.014,MG/L,0.01,MG/L,4/1/18,6/30/18,9807021,10/22/15,FORMAL ENFORCEMENT ACTION ISSUED,2018,1.4,CA1910246,1500,-118.2832031,34.75911786,
CA2410002,811024,"MCL, AVERAGE",TTHM,0.104,MG/L,0.08,MG/L,10/1/18,12/31/18,9911004,12/30/14,FORMAL ENFORCEMENT ACTION ISSUED,2018,1.3,CA2410002,7452,-120.6252832,36.97911158,
CA3600196,1700066,"MCL, AVERAGE",ARSENIC,107,UG/L,10,UG/L,7/1/18,9/30/18,1200019,8/8/14,FORMAL ENFORCEMENT ACTION ISSUED,2018,10.7,CA3600196,625,-116.498518,34.15518663,
CA3600196,1700063,"MCL, AVERAGE",ARSENIC,105,UG/L,10,UG/L,4/1/18,6/30/18,1200019,8/8/14,FORMAL ENFORCEMENT ACTION ISSUED,2018,10.5,CA3600196,625,-116.498518,34.15518663,
CA1502164,9412010,STATE PRIMARY MCL VIOL - NOT CR6,"1,2,3-TRICHLOROPROPANE",0.00006,MG/L,0.000005,MG/L,7/1/18,9/30/18,9519011,5/18/18,CA STATE ACTION ISSUED,2018,12,CA1502164,54,-119.2916664,35.51544403,
CA1000546,1223036,"MCL, LRAA",TTHM,0.105,MG/L,0.08,MG/L,7/1/18,9/30/18,1323009,12/20/17,FORMAL ENFORCEMENT ACTION ISSUED,2018,1.3125,CA1000546,134,-120.1459461,36.39532579,
CA2410002,811023,"MCL, AVERAGE",TTHM,0.094,MG/L,0.08,MG/L,7/1/18,9/30/18,9911004,12/30/14,FORMAL ENFORCEMENT ACTION ISSUED,2018,1.175,CA2410002,7452,-120.6252832,36.97911158,
CA1502164,9412009,STATE PRIMARY MCL VIOL - NOT CR6,"1,2,3-TRICHLOROPROPANE",0.000037,MG/L,0.000005,MG/L,4/1/18,6/30/18,9519011,5/18/18,CA STATE ACTION ISSUED,2018,7.4,CA1502164,54,-119.2916664,35.51544403,
CA1910246,9507128,"MCL, AVERAGE",ARSENIC,0.0135,MG/L,0.01,MG/L,1/1/18,3/31/18,9807021,10/22/15,FORMAL ENFORCEMENT ACTION ISSUED,2018,1.35,CA1910246,1500,-118.2832031,34.75911786,
CA2701926,9700010,"MCL, AVERAGE",ARSENIC,0.015,MG/L,0.01,MG/L,1/1/18,3/31/18,9700207,12/8/15,OTHER INFORMAL ENFORCEMENT ACTION TAKEN,2018,1.5,CA2701926,210,-121.6582414,36.80607099,
CA1502229,9612018,STATE PRIMARY MCL VIOL - NOT CR6,"1,2,3-TRICHLOROPROPANE",0.000219,MG/L,0.000005,MG/L,7/1/18,9/30/18,9619013,3/13/18,CA STATE ACTION ISSUED,2018,43.8,CA1502229,887,-119.1139471,35.39402482,OUT-OF-COMPLIANCE
CA3600184,2,"MCL, AVERAGE",COMBINED URANIUM,40,PCI/L,20,PCI/L,4/1/18,6/30/18,1,2/15/18,FORMAL ENFORCEMENT ACTION ISSUED,2018,2,CA3600184,25,-116.9604669,34.25352231,
CA2701926,9700010,"MCL, AVERAGE",ARSENIC,0.015,MG/L,0.01,MG/L,1/1/18,3/31/18,1506169,12/8/15,FORMAL ENFORCEMENT ACTION ISSUED,2018,1.5,CA2701926,210,-121.6582414,36.80607099,
CA1502229,9612017,STATE PRIMARY MCL VIOL - NOT CR6,"1,2,3-TRICHLOROPROPANE",0.000164,MG/L,0.000005,MG/L,4/1/18,6/30/18,9619013,3/13/18,CA STATE ACTION ISSUED,2018,32.8,CA1502229,887,-119.1139471,35.39402482,OUT-OF-COMPLIANCE
CA3600184,1,"MCL, AVERAGE",COMBINED URANIUM,38,PCI/L,20,PCI/L,1/1/18,3/31/18,1,2/15/18,FORMAL ENFORCEMENT ACTION ISSUED,2018,1.9,CA3600184,25,-116.9604669,34.25352231,
CA1502229,9612015,STATE PRIMARY MCL VIOL - NOT CR6,"1,2,3-TRICHLOROPROPANE",0.000046,MG/L,0.000005,MG/L,1/1/18,3/31/18,9619013,3/13/18,CA STATE ACTION ISSUED,2018,9.2,CA1502229,887,-119.1139471,35.39402482,OUT-OF-COMPLIANCE
CA3600184,3,"MCL, AVERAGE",COMBINED URANIUM,37,PCI/L,20,PCI/L,7/1/18,9/30/18,1,2/15/18,FORMAL ENFORCEMENT ACTION ISSUED,2018,1.85,CA3600184,25,-116.9604669,34.25352231,
CA3600184,6,"MCL, AVERAGE",COMBINED URANIUM,35.5,PCI/L,20,PCI/L,10/1/18,12/31/18,1,2/15/18,FORMAL ENFORCEMENT ACTION ISSUED,2018,1.775,CA3600184,25,-116.9604669,34.25352231,
CA3600196,1700067,"MCL, AVERAGE",ARSENIC,120,UG/L,10,UG/L,10/1/18,12/31/18,1200019,8/8/14,FORMAL ENFORCEMENT ACTION ISSUED,2018,12,CA3600196,625,-116.498518,34.15518663,
CA1000546,1223034,"MCL, LRAA",TTHM,0.09,MG/L,0.08,MG/L,4/1/18,6/30/18,1323009,12/20/17,FORMAL ENFORCEMENT ACTION ISSUED,2018,1.125,CA1000546,134,-120.1459461,36.39532579,
CA1502154,9712025,"MCL, AVERAGE",ARSENIC,0.015,MG/L,0.01,MG/L,1/1/18,3/31/18,919009,1/23/09,FORMAL ENFORCEMENT ACTION ISSUED,2018,1.5,CA1502154,800,-119.1125031,35.22306345,
CA1502154,9712026,"MCL, AVERAGE",ARSENIC,0.015,MG/L,0.01,MG/L,4/1/18,6/30/18,919009,1/23/09,FORMAL ENFORCEMENT ACTION ISSUED,2018,1.5,CA1502154,800,-119.1125031,35.22306345,
CA1400036,1500089,"MCL, AVERAGE",ARSENIC,0.078,MG/L,0.01,MG/L,1/1/19,3/31/19,1500013,3/21/16,FORMAL ENFORCEMENT ACTION ISSUED,2019,7.8,CA1400036,50,-117.8741374,36.48908064,
CA1502154,9712029,"MCL, AVERAGE",ARSENIC,0.013,MG/L,0.01,MG/L,1/1/19,3/31/19,919009,1/23/09,FORMAL ENFORCEMENT ACTION ISSUED,2019,1.3,CA1502154,800,-119.1125031,35.22306345,
CA1502154,9712027,"MCL, AVERAGE",ARSENIC,0.012,MG/L,0.01,MG/L,7/1/18,9/30/18,919009,1/23/09,FORMAL ENFORCEMENT ACTION ISSUED,2018,1.2,CA1502154,800,-119.1125031,35.22306345,
CA1502154,9712028,"MCL, AVERAGE",ARSENIC,0.012,MG/L,0.01,MG/L,10/1/18,12/31/18,919009,1/23/09,FORMAL ENFORCEMENT ACTION ISSUED,2018,1.2,CA1502154,800,-119.1125031,35.22306345,
CA1502164,9412008,STATE PRIMARY MCL VIOL - NOT CR6,"1,2,3-TRICHLOROPROPANE",0.000025,MG/L, ,,1/1/18,3/31/18,9519011,5/18/18,CA STATE ACTION ISSUED,2018,unk,CA1502164,54,-119.2916664,35.51544403,
CA2400167,6,STATE PRIMARY MCL VIOL - NOT CR6,"1,2,3-TRICHLOROPROPANE",0.035,UG/L,0.005,UG/L,1/1/19,3/31/19,1,5/2/18,CA STATE ACTION ISSUED,2019,7,CA2400167,238,-120.6994746,37.45179255,
CA1000546,1223032,"MCL, LRAA",TTHM,0.082,MG/L,0.08,MG/L,1/1/18,3/31/18,1323009,12/20/17,FORMAL ENFORCEMENT ACTION ISSUED,2018,1.025,CA1000546,134,-120.1459461,36.39532579,
CA2400167,5,STATE PRIMARY MCL VIOL - NOT CR6,"1,2,3-TRICHLOROPROPANE",0.032,UG/L,0.005,UG/L,10/1/18,12/31/18,1,5/2/18,CA STATE ACTION ISSUED,2018,6.4,CA2400167,238,-120.6994746,37.45179255,
CA2400167,4,STATE PRIMARY MCL VIOL - NOT CR6,"1,2,3-TRICHLOROPROPANE",0.028,UG/L,0.005,UG/L,7/1/18,9/30/18,1,5/2/18,CA STATE ACTION ISSUED,2018,5.6,CA2400167,238,-120.6994746,37.45179255,
CA2400167,3,STATE PRIMARY MCL VIOL - NOT CR6,"1,2,3-TRICHLOROPROPANE",0.018,UG/L,0.005,UG/L,4/1/18,6/30/18,1,5/2/18,CA STATE ACTION ISSUED,2018,3.6,CA2400167,238,-120.6994746,37.45179255,
CA2400167,2,STATE PRIMARY MCL VIOL - NOT CR6,"1,2,3-TRICHLOROPROPANE",0.000009,MG/L,0.000005,MG/L,1/1/18,3/31/18,1,5/2/18,CA STATE ACTION ISSUED,2018,1.8,CA2400167,238,-120.6994746,37.45179255,
CA1910020,9607002,STATE PRIMARY MCL VIOL - NOT CR6,"1,2,3-TRICHLOROPROPANE",0.000021,MG/L, ,,1/1/18,3/31/18,9816014,3/15/18,FORMAL ENFORCEMENT ACTION ISSUED,2018,unk,CA1910020,9841,-118.0650147,34.12411052,
CA1400036,1500082,"MCL, AVERAGE",ARSENIC,0.079,MG/L,0.01,MG/L,4/1/18,6/30/18,1500013,3/21/16,FORMAL ENFORCEMENT ACTION ISSUED,2018,7.9,CA1400036,50,-117.8741374,36.48908064,
CA2701926,9700011,"MCL, AVERAGE",ARSENIC,0.022,MG/L,0.01,MG/L,4/4/18,6/30/18,9700207,12/8/15,OTHER INFORMAL ENFORCEMENT ACTION TAKEN,2018,2.2,CA2701926,210,-121.6582414,36.80607099,
CA2701926,9700011,"MCL, AVERAGE",ARSENIC,0.022,MG/L,0.01,MG/L,4/4/18,6/30/18,1506169,12/8/15,FORMAL ENFORCEMENT ACTION ISSUED,2018,2.2,CA2701926,210,-121.6582414,36.80607099,
CA3600196,1700062,"MCL, AVERAGE",ARSENIC,86,UG/L,10,UG/L,1/1/18,3/31/18,1200019,8/8/14,FORMAL ENFORCEMENT ACTION ISSUED,2018,8.6,CA3600196,625,-116.498518,34.15518663,
CA1502229,9612019,"MCL, SINGLE SAMPLE",NITRATE,11,MG/L,10,MG/L,10/1/18,12/31/18,9619011,10/12/15,FORMAL ENFORCEMENT ACTION ISSUED,2018,1.1,CA1502229,887,-119.1139471,35.39402482,OUT-OF-COMPLIANCE
CA1502231,9812021,"MCL, AVERAGE",ARSENIC,0.012,MG/L, ,,1/1/19,3/31/19,9819006,4/24/17,FORMAL ENFORCEMENT ACTION ISSUED,2019,unk,CA1502231,940,-118.1684616,34.85804657,OUT-OF-COMPLIANCE
CA5000033,9780012,"MCL, AVERAGE",ARSENIC,0.011,MG/L,0.01,MG/L,10/1/18,12/31/18,1180001,3/19/10,FORMAL ENFORCEMENT ACTION ISSUED,2018,1.1,CA5000033,50,-120.8465294,37.59418235,
CA2410001,9611029,STATE PRIMARY MCL VIOL - NOT CR6,"1,2,3-TRICHLOROPROPANE",0.064,UG/L,0.005,UG/L,1/1/19,3/31/19,9511010,5/2/18,CA STATE ACTION ISSUED,2019,12.8,CA2410001,31235,-120.6001864,37.35315807,
CA1910056,9307002,"MCL, LRAA",TTHM,0.082,MG/L,0.08,MG/L,4/1/18,6/30/18,9907010,8/21/18,RETURN TO COMPLIANCE,2018,1.025,CA1910056,1790,-118.3507164,34.64887359,
CA5000033,9780011,"MCL, AVERAGE",ARSENIC,0.011,MG/L,0.01,MG/L,7/1/18,9/30/18,1180001,3/19/10,FORMAL ENFORCEMENT ACTION ISSUED,2018,1.1,CA5000033,50,-120.8465294,37.59418235,
CA2410001,9611012,STATE PRIMARY MCL VIOL - NOT CR6,"1,2,3-TRICHLOROPROPANE",0.046,UG/L,0.005,UG/L,4/1/18,6/30/18,9511010,5/2/18,CA STATE ACTION ISSUED,2018,9.2,CA2410001,31235,-120.6001864,37.35315807,
CA1910056,9307002,"MCL, LRAA",TTHM,0.082,MG/L,0.08,MG/L,4/1/18,6/30/18,9907011,9/27/18,FORMAL ENFORCEMENT ACTION ISSUED,2018,1.025,CA1910056,1790,-118.3507164,34.64887359,
CA2410001,9611028,STATE PRIMARY MCL VIOL - NOT CR6,"1,2,3-TRICHLOROPROPANE",0.042,UG/L,0.005,UG/L,1/1/19,3/31/19,9511010,5/2/18,CA STATE ACTION ISSUED,2019,8.4,CA2410001,31235,-120.6001864,37.35315807,
CA2410001,9611015,STATE PRIMARY MCL VIOL - NOT CR6,"1,2,3-TRICHLOROPROPANE",0.037,UG/L,0.005,UG/L,7/1/18,9/30/18,9511010,5/2/18,CA STATE ACTION ISSUED,2018,7.4,CA2410001,31235,-120.6001864,37.35315807,
CA5400795,1400088,"MCL, AVERAGE",COMBINED URANIUM,28,PCI/L,20,PCI/L,7/1/18,9/30/18,1304560,5/3/16,FORMAL ENFORCEMENT ACTION ISSUED,2018,1.4,CA5400795,245,-119.5109156,36.13503927,
CA2410001,9611030,STATE PRIMARY MCL VIOL - NOT CR6,"1,2,3-TRICHLOROPROPANE",0.026,UG/L,0.005,UG/L,1/1/19,3/31/19,9511010,5/2/18,CA STATE ACTION ISSUED,2019,5.2,CA2410001,31235,-120.6001864,37.35315807,
CA2410001,9611026,STATE PRIMARY MCL VIOL - NOT CR6,"1,2,3-TRICHLOROPROPANE",0.025,UG/L,0.005,UG/L,1/1/19,3/31/19,9511010,5/2/18,CA STATE ACTION ISSUED,2019,5,CA2410001,31235,-120.6001864,37.35315807,
CA2410001,9611020,STATE PRIMARY MCL VIOL - NOT CR6,"1,2,3-TRICHLOROPROPANE",0.024,UG/L,0.005,UG/L,10/1/18,12/31/18,9511010,5/2/18,CA STATE ACTION ISSUED,2018,4.8,CA2410001,31235,-120.6001864,37.35315807,
CA5000033,9780009,"MCL, AVERAGE",ARSENIC,0.011,MG/L,0.01,MG/L,1/1/18,3/31/18,9780010,3/23/18,FORMAL ENFORCEMENT ACTION ISSUED,2018,1.1,CA5000033,50,-120.8465294,37.59418235,
CA2410001,9611024,STATE PRIMARY MCL VIOL - NOT CR6,"1,2,3-TRICHLOROPROPANE",0.021,UG/L,0.005,UG/L,10/1/18,12/31/18,9511010,5/2/18,CA STATE ACTION ISSUED,2018,4.2,CA2410001,31235,-120.6001864,37.35315807,
CA5400795,1400090,"MCL, AVERAGE",COMBINED URANIUM,25.75,PCI/L,20,PCI/L,10/1/18,12/31/18,1304560,5/3/16,FORMAL ENFORCEMENT ACTION ISSUED,2018,1.2875,CA5400795,245,-119.5109156,36.13503927,
CA3600086,1300004,"MCL, AVERAGE",COMBINED URANIUM,35,PCI/L,20,PCI/L,4/1/18,6/30/18,1300090,11/22/17,FORMAL ENFORCEMENT ACTION ISSUED,2018,1.75,CA3600086,795,-116.8476697,34.85691138,
CA5000033,9780010,"MCL, AVERAGE",ARSENIC,0.011,MG/L,0.01,MG/L,4/1/18,6/30/18,9780010,3/23/18,FORMAL ENFORCEMENT ACTION ISSUED,2018,1.1,CA5000033,50,-120.8465294,37.59418235,
CA5400795,1400086,"MCL, AVERAGE",COMBINED URANIUM,24,PCI/L,20,PCI/L,4/1/18,6/30/18,1304560,5/3/16,FORMAL ENFORCEMENT ACTION ISSUED,2018,1.2,CA5400795,245,-119.5109156,36.13503927,
CA3600086,1300003,"MCL, AVERAGE",COMBINED URANIUM,35,PCI/L,20,PCI/L,1/1/18,3/31/18,1300090,11/22/17,FORMAL ENFORCEMENT ACTION ISSUED,2018,1.75,CA3600086,795,-116.8476697,34.85691138,
CA5400795,1400084,"MCL, AVERAGE",COMBINED URANIUM,23.125,PCI/L,20,PCI/L,1/1/18,3/31/18,1304560,5/3/16,FORMAL ENFORCEMENT ACTION ISSUED,2018,1.15625,CA5400795,245,-119.5109156,36.13503927,
CA2410001,9611021,STATE PRIMARY MCL VIOL - NOT CR6,"1,2,3-TRICHLOROPROPANE", ,, ,,10/1/18,12/31/18,9511010,5/2/18,CA STATE ACTION ISSUED,2018,unk,CA2410001,31235,-120.6001864,37.35315807,
CA3600086,1300006,"MCL, AVERAGE",COMBINED URANIUM,32.5,PCI/L,20,PCI/L,10/1/18,12/31/18,1300090,11/22/17,FORMAL ENFORCEMENT ACTION ISSUED,2018,1.625,CA3600086,795,-116.8476697,34.85691138,
CA2410001,9611027,STATE PRIMARY MCL VIOL - NOT CR6,"1,2,3-TRICHLOROPROPANE",0.57,UG/L,0.005,UG/L,1/1/19,3/31/19,9511010,5/2/18,CA STATE ACTION ISSUED,2019,114,CA2410001,31235,-120.6001864,37.35315807,
CA3600086,1300005,"MCL, AVERAGE",COMBINED URANIUM,32,PCI/L,20,PCI/L,7/1/18,9/30/18,1300090,11/22/17,FORMAL ENFORCEMENT ACTION ISSUED,2018,1.6,CA3600086,795,-116.8476697,34.85691138,
CA2410001,9611023,STATE PRIMARY MCL VIOL - NOT CR6,"1,2,3-TRICHLOROPROPANE",0.117,UG/L,0.005,UG/L,10/1/18,12/31/18,9511010,5/2/18,CA STATE ACTION ISSUED,2018,23.4,CA2410001,31235,-120.6001864,37.35315807,
CA2410001,9611017,STATE PRIMARY MCL VIOL - NOT CR6,"1,2,3-TRICHLOROPROPANE",0.087,UG/L,0.005,UG/L,7/1/18,9/30/18,9511010,5/2/18,CA STATE ACTION ISSUED,2018,17.4,CA2410001,31235,-120.6001864,37.35315807,
CA2410001,9611022,STATE PRIMARY MCL VIOL - NOT CR6,"1,2,3-TRICHLOROPROPANE",0.072,UG/L,0.005,UG/L,10/1/18,12/31/18,9511010,5/2/18,CA STATE ACTION ISSUED,2018,14.4,CA2410001,31235,-120.6001864,37.35315807,
CA5400795,1400087,"MCL, SINGLE SAMPLE",NITRATE,15,MG/L,10,MG/L,7/1/18,9/30/18,1304560,5/3/16,FORMAL ENFORCEMENT ACTION ISSUED,2018,1.5,CA5400795,245,-119.5109156,36.13503927,
CA1610009,9912030,"MCL, AVERAGE",ARSENIC,0.015,MG/L,0.01,MG/L,1/1/18,3/31/18,912018,1/23/09,FORMAL ENFORCEMENT ACTION ISSUED,2018,1.5,CA1610009,1450,-119.9617332,35.99922444,
CA5000051,1680010,"MCL, AVERAGE",ARSENIC,0.013,MG/L,0.01,MG/L,1/1/18,3/31/18,1080001,9/20/10,FORMAL ENFORCEMENT ACTION ISSUED,2018,1.3,CA5000051,125,-120.9275795,37.56853954,
CA2410001,9611016,STATE PRIMARY MCL VIOL - NOT CR6,"1,2,3-TRICHLOROPROPANE",0.07,UG/L,0.005,UG/L,7/1/18,9/30/18,9511010,5/2/18,CA STATE ACTION ISSUED,2018,14,CA2410001,31235,-120.6001864,37.35315807,
CA5400795,1400089,"MCL, SINGLE SAMPLE",NITRATE,15,MG/L,10,MG/L,10/1/18,12/31/18,1304560,5/3/16,FORMAL ENFORCEMENT ACTION ISSUED,2018,1.5,CA5400795,245,-119.5109156,36.13503927,
CA5400795,1400091,"MCL, SINGLE SAMPLE",NITRATE,15,MG/L,10,MG/L,1/1/19,3/31/19,1304560,5/3/16,FORMAL ENFORCEMENT ACTION ISSUED,2019,1.5,CA5400795,245,-119.5109156,36.13503927,
CA1610009,9912032,"MCL, AVERAGE",ARSENIC,0.016,MG/L,0.01,MG/L,7/1/18,9/30/18,912018,1/23/09,FORMAL ENFORCEMENT ACTION ISSUED,2018,1.6,CA1610009,1450,-119.9617332,35.99922444,
CA1610009,9912031,"MCL, AVERAGE",ARSENIC,0.016,MG/L,0.01,MG/L,4/1/18,6/30/18,912018,1/23/09,FORMAL ENFORCEMENT ACTION ISSUED,2018,1.6,CA1610009,1450,-119.9617332,35.99922444,
CA3600114,1600031,"MCL, AVERAGE",COMBINED URANIUM,23.75,PCI/L,20,PCI/L,10/1/18,12/31/18,1500180,6/20/17,FORMAL ENFORCEMENT ACTION ISSUED,2018,1.1875,CA3600114,695,-116.5566787,34.08163193,
CA4300996,817004,"MCL, SINGLE SAMPLE",NITRATE,19,MG/L, ,,1/1/19,1/31/19,1317012,4/19/19,RETURN TO COMPLIANCE,2019,unk,CA4300996,45,-121.6020527,37.0524816,
CA1500575,9912035,STATE PRIMARY MCL VIOL - NOT CR6,"1,2,3-TRICHLOROPROPANE",0.000226,MG/L,0.000005,MG/L,7/1/18,9/30/18,9919011,2/21/18,CA STATE ACTION ISSUED,2018,45.2,CA1500575,165,-118.9106764,35.335429,
CA4300996,817004,"MCL, SINGLE SAMPLE",NITRATE,19,MG/L, ,,1/1/19,1/31/19,1317011,3/6/19,FORMAL ENFORCEMENT ACTION ISSUED,2019,unk,CA4300996,45,-121.6020527,37.0524816,
CA1500575,9912034,STATE PRIMARY MCL VIOL - NOT CR6,"1,2,3-TRICHLOROPROPANE",0.000169,MG/L,0.000005,MG/L,4/1/18,6/30/18,9919011,2/21/18,CA STATE ACTION ISSUED,2018,33.8,CA1500575,165,-118.9106764,35.335429,
CA1500575,9912030,STATE PRIMARY MCL VIOL - NOT CR6,"1,2,3-TRICHLOROPROPANE",0.000084,MG/L,0.000005,MG/L,1/1/18,3/31/18,9919011,2/21/18,CA STATE ACTION ISSUED,2018,16.8,CA1500575,165,-118.9106764,35.335429,
CA3600114,1600028,"MCL, AVERAGE",COMBINED URANIUM,24,PCI/L,20,PCI/L,1/1/18,3/31/18,1500180,6/20/17,FORMAL ENFORCEMENT ACTION ISSUED,2018,1.2,CA3600114,695,-116.5566787,34.08163193,
CA5400795,1400092,"MCL, AVERAGE",COMBINED URANIUM,22.75,PCI/L,20,PCI/L,1/1/19,3/31/19,1304559,11/3/15,RETURN TO COMPLIANCE,2019,1.1375,CA5400795,245,-119.5109156,36.13503927,
CA3600114,1600030,"MCL, AVERAGE",COMBINED URANIUM,24,PCI/L,20,PCI/L,7/1/18,9/30/18,1500180,6/20/17,FORMAL ENFORCEMENT ACTION ISSUED,2018,1.2,CA3600114,695,-116.5566787,34.08163193,
CA3600114,1600029,"MCL, AVERAGE",COMBINED URANIUM,24,PCI/L,20,PCI/L,4/1/18,6/30/18,1500180,6/20/17,FORMAL ENFORCEMENT ACTION ISSUED,2018,1.2,CA3600114,695,-116.5566787,34.08163193,
CA1500571,9812038,"MCL, AVERAGE",ARSENIC,0.033,MG/L, ,,1/1/19,3/31/19,9819017,4/25/17,FORMAL ENFORCEMENT ACTION ISSUED,2019,unk,CA1500571,73,-118.1684616,34.85804657,OUT-OF-COMPLIANCE
CA1500571,9812037,"MCL, AVERAGE",ARSENIC,0.04,MG/L,0.01,MG/L,10/1/18,12/31/18,9819017,4/25/17,FORMAL ENFORCEMENT ACTION ISSUED,2018,4,CA1500571,73,-118.1684616,34.85804657,OUT-OF-COMPLIANCE
CA5000033,9780013,STATE PRIMARY MCL VIOL - NOT CR6,"1,2,3-TRICHLOROPROPANE",0.00003,MG/L,0.000005,MG/L,1/1/18,12/31/18,9780013,2/6/19,CA STATE ACTION ISSUED,2018,6,CA5000033,50,-120.8465294,37.59418235,
CA4000637,900046,"MCL, AVERAGE",ARSENIC,0.032,MG/L,0.01,MG/L,10/1/18,12/31/18,900243,3/23/16,FORMAL ENFORCEMENT ACTION ISSUED,2018,3.2,CA4000637,60,-120.5593212,35.13560255,
CA4000637,900045,"MCL, AVERAGE",ARSENIC,0.031,MG/L,0.01,MG/L,7/1/18,9/30/18,900243,3/23/16,FORMAL ENFORCEMENT ACTION ISSUED,2018,3.1,CA4000637,60,-120.5593212,35.13560255,
CA1610005,9512028,"MCL, LRAA",TTHM,0.14,MG/L,0.08,MG/L,1/1/18,3/31/18,9612015,11/7/14,FORMAL ENFORCEMENT ACTION ISSUED,2018,1.75,CA1610005,26093,-119.7981074,36.29604362,
CA4000637,900043,"MCL, AVERAGE",ARSENIC,0.03,MG/L,0.01,MG/L,1/1/18,3/31/18,900243,3/23/16,FORMAL ENFORCEMENT ACTION ISSUED,2018,3,CA4000637,60,-120.5593212,35.13560255,
CA4000637,900044,"MCL, AVERAGE",ARSENIC,0.029,MG/L,0.01,MG/L,4/1/18,6/30/18,900243,3/23/16,FORMAL ENFORCEMENT ACTION ISSUED,2018,2.9,CA4000637,60,-120.5593212,35.13560255,
CA5400795,1400083,"MCL, SINGLE SAMPLE",NITRATE,15,MG/L,10,MG/L,1/1/18,3/31/18,1304560,5/3/16,FORMAL ENFORCEMENT ACTION ISSUED,2018,1.5,CA5400795,245,-119.5109156,36.13503927,
CA1610009,9912034,"MCL, AVERAGE",ARSENIC,0.017,MG/L,0.01,MG/L,1/1/19,3/31/19,912018,1/23/09,FORMAL ENFORCEMENT ACTION ISSUED,2019,1.7,CA1610009,1450,-119.9617332,35.99922444,
CA4000750,500004,"MCL, SINGLE SAMPLE",ARSENIC,0.105,MG/L,0.01,MG/L,1/1/18,3/31/18,500123,3/15/18,FORMAL ENFORCEMENT ACTION ISSUED,2018,10.5,CA4000750,55,-120.5092271,35.07482502,
CA5400795,1400085,"MCL, SINGLE SAMPLE",NITRATE,15,MG/L,10,MG/L,4/1/18,6/30/18,1304560,5/3/16,FORMAL ENFORCEMENT ACTION ISSUED,2018,1.5,CA5400795,245,-119.5109156,36.13503927,
CA1500571,9812036,"MCL, AVERAGE",ARSENIC,0.039,MG/L,0.01,MG/L,7/1/18,9/30/18,9819017,4/25/17,FORMAL ENFORCEMENT ACTION ISSUED,2018,3.9,CA1500571,73,-118.1684616,34.85804657,OUT-OF-COMPLIANCE
CA4000750,500005,"MCL, SINGLE SAMPLE",ARSENIC,0.098,MG/L,0.01,MG/L,4/1/18,6/30/18,500123,3/15/18,FORMAL ENFORCEMENT ACTION ISSUED,2018,9.8,CA4000750,55,-120.5092271,35.07482502,
CA1500571,9812034,"MCL, AVERAGE",ARSENIC,0.039,MG/L,0.01,MG/L,4/1/18,6/30/18,9819017,4/25/17,FORMAL ENFORCEMENT ACTION ISSUED,2018,3.9,CA1500571,73,-118.1684616,34.85804657,OUT-OF-COMPLIANCE
CA4000750,500006,"MCL, SINGLE SAMPLE",ARSENIC,0.098,MG/L,0.01,MG/L,7/1/18,9/30/18,500123,3/15/18,FORMAL ENFORCEMENT ACTION ISSUED,2018,9.8,CA4000750,55,-120.5092271,35.07482502,
CA1500571,9812032,"MCL, AVERAGE",ARSENIC,0.038,MG/L,0.01,MG/L,1/1/18,3/31/18,9819017,4/25/17,FORMAL ENFORCEMENT ACTION ISSUED,2018,3.8,CA1500571,73,-118.1684616,34.85804657,OUT-OF-COMPLIANCE
CA4000750,500007,"MCL, SINGLE SAMPLE",ARSENIC,0.098,MG/L,0.01,MG/L,10/1/18,12/31/18,500123,3/15/18,FORMAL ENFORCEMENT ACTION ISSUED,2018,9.8,CA4000750,55,-120.5092271,35.07482502,
CA1610009,9912033,"MCL, AVERAGE",ARSENIC,0.016,MG/L,0.01,MG/L,10/1/18,12/31/18,912018,1/23/09,FORMAL ENFORCEMENT ACTION ISSUED,2018,1.6,CA1610009,1450,-119.9617332,35.99922444,
CA5400670,1400097,"MCL, SINGLE SAMPLE",NITRATE,15.5,MG/L,10,MG/L,7/1/18,9/30/18,1204019,7/5/17,FORMAL ENFORCEMENT ACTION ISSUED,2018,1.55,CA5400670,406,-118.8436548,36.08797508,
CA1610007,1012041,STATE PRIMARY MCL VIOL - NOT CR6,"1,2,3-TRICHLOROPROPANE", ,, ,,10/1/18,12/31/18,1112025,4/10/19,CA STATE ACTION ISSUED,2018,unk,CA1610007,1750,-119.6350561,36.30255797,
CA1610007,1012040,STATE PRIMARY MCL VIOL - NOT CR6,"1,2,3-TRICHLOROPROPANE", ,, ,,7/1/18,9/30/18,1112025,4/10/19,CA STATE ACTION ISSUED,2018,unk,CA1610007,1750,-119.6350561,36.30255797,
CA1500585,9512025,"MCL, AVERAGE",ARSENIC,0.011,MG/L,0.01,MG/L,1/1/19,3/31/19,9519007,3/3/15,FORMAL ENFORCEMENT ACTION ISSUED,2019,1.1,CA1500585,100,-118.9384406,35.32141507,
CA1500585,9512021,"MCL, AVERAGE",ARSENIC,0.011,MG/L,0.01,MG/L,1/1/18,3/31/18,9519007,3/3/15,FORMAL ENFORCEMENT ACTION ISSUED,2018,1.1,CA1500585,100,-118.9384406,35.32141507,
CA5400670,1400094,"MCL, SINGLE SAMPLE",NITRATE,12.68,MG/L,10,MG/L,1/1/18,3/31/18,1204019,7/5/17,FORMAL ENFORCEMENT ACTION ISSUED,2018,1.268,CA5400670,406,-118.8436548,36.08797508,
CA1500585,9512022,"MCL, AVERAGE",ARSENIC,0.011,MG/L,0.01,MG/L,4/1/18,6/30/18,9519007,3/3/15,FORMAL ENFORCEMENT ACTION ISSUED,2018,1.1,CA1500585,100,-118.9384406,35.32141507,
CA5400670,1400095,"MCL, SINGLE SAMPLE",NITRATE,14.6,MG/L,10,MG/L,4/1/18,6/30/18,1204019,7/5/17,FORMAL ENFORCEMENT ACTION ISSUED,2018,1.46,CA5400670,406,-118.8436548,36.08797508,
CA5400670,1400099,"MCL, SINGLE SAMPLE",NITRATE,14.2,MG/L,10,MG/L,1/1/19,3/31/19,1204019,7/5/17,FORMAL ENFORCEMENT ACTION ISSUED,2019,1.42,CA5400670,406,-118.8436548,36.08797508,
CA5400670,1400098,"MCL, SINGLE SAMPLE",NITRATE,13.9,MG/L,10,MG/L,10/1/18,12/31/18,1204019,7/5/17,FORMAL ENFORCEMENT ACTION ISSUED,2018,1.39,CA5400670,406,-118.8436548,36.08797508,
CA1500585,9512024,"MCL, AVERAGE",ARSENIC,0.011,MG/L,0.01,MG/L,10/1/18,12/31/18,9519007,3/3/15,FORMAL ENFORCEMENT ACTION ISSUED,2018,1.1,CA1500585,100,-118.9384406,35.32141507,
CA1500585,9512023,"MCL, AVERAGE",ARSENIC,0.011,MG/L,0.01,MG/L,7/1/18,9/30/18,9519007,3/3/15,FORMAL ENFORCEMENT ACTION ISSUED,2018,1.1,CA1500585,100,-118.9384406,35.32141507,
CA2300590,9603033,"MCL, LRAA",TTHM,99.5,UG/L, ,,7/1/18,9/30/18,9703005,3/1/18,FORMAL ENFORCEMENT ACTION ISSUED,2018,unk,CA2300590,160,-123.7947733,39.32538368,
CA5400665,9900025,"MCL, AVERAGE",COMBINED URANIUM,45,PCI/L,20,PCI/L,4/1/18,6/30/18,9900283,11/16/17,FORMAL ENFORCEMENT ACTION ISSUED,2018,2.25,CA5400665,1594,-118.8635373,36.09908068,
CA5400665,9900024,"MCL, AVERAGE",COMBINED URANIUM,41,PCI/L,20,PCI/L,1/1/18,3/31/18,9900283,11/16/17,FORMAL ENFORCEMENT ACTION ISSUED,2018,2.05,CA5400665,1594,-118.8635373,36.09908068,
CA2300590,9603035,"MCL, LRAA",TTHM,108.3,UG/L, ,,10/1/18,12/31/18,9703005,3/1/18,FORMAL ENFORCEMENT ACTION ISSUED,2018,unk,CA2300590,160,-123.7947733,39.32538368,
CA4900568,9918024,"MCL, SINGLE SAMPLE",NITRATE,15,MG/L,10,MG/L,4/1/18,6/30/18,818009,6/20/08,FORMAL ENFORCEMENT ACTION ISSUED,2018,1.5,CA4900568,61,-122.9246039,38.31747989,
CA1500575,9912037,"MCL, SINGLE SAMPLE",NITRATE,15,MG/L,10,MG/L,1/1/19,3/31/19,119010,12/1/00,FORMAL ENFORCEMENT ACTION ISSUED,2019,1.5,CA1500575,165,-118.9106764,35.335429,
CA2300590,9603031,"MCL, LRAA",TTHM,90,UG/L, ,,4/1/18,6/30/18,9703005,3/1/18,FORMAL ENFORCEMENT ACTION ISSUED,2018,unk,CA2300590,160,-123.7947733,39.32538368,
CA2300590,9603029,"MCL, LRAA",TTHM,87.5,UG/L, ,,1/1/18,3/31/18,9703005,3/1/18,FORMAL ENFORCEMENT ACTION ISSUED,2018,unk,CA2300590,160,-123.7947733,39.32538368,
CA5400665,9900026,"MCL, AVERAGE",COMBINED URANIUM,45,PCI/L,20,PCI/L,7/1/18,9/30/18,9900283,11/16/17,FORMAL ENFORCEMENT ACTION ISSUED,2018,2.25,CA5400665,1594,-118.8635373,36.09908068,
CA3500923,1205029,"MCL, LRAA",TTHM,0.193,MG/L,0.08,MG/L,7/1/18,9/30/18,1205022,4/18/18,FORMAL ENFORCEMENT ACTION ISSUED,2018,2.4125,CA3500923,33,-121.3678782,36.9097636,
CA3500923,1205030,"MCL, LRAA",TTHM,0.188,MG/L,0.08,MG/L,10/1/18,12/31/18,1205022,4/18/18,FORMAL ENFORCEMENT ACTION ISSUED,2018,2.35,CA3500923,33,-121.3678782,36.9097636,
CA1500584,9619009,STATE PRIMARY MCL VIOL - NOT CR6,"1,2,3-TRICHLOROPROPANE",0.000008,MG/L,0.000005,MG/L,10/1/18,12/31/18,9719006,2/7/19,CA STATE ACTION ISSUED,2018,1.6,CA1500584,90,-119.1854989,35.37800428,
CA4900568,9918023,"MCL, SINGLE SAMPLE",NITRATE,23,MG/L,10,MG/L,1/1/18,3/31/18,818009,6/20/08,FORMAL ENFORCEMENT ACTION ISSUED,2018,2.3,CA4900568,61,-122.9246039,38.31747989,
CA5400666,9900015,"MCL, SINGLE SAMPLE",NITRATE,11.2,MG/L,10,MG/L,10/1/18,12/31/18,9900304,4/22/15,FORMAL ENFORCEMENT ACTION ISSUED,2018,1.12,CA5400666,347,-119.0439089,36.10011975,
CA3500923,1205028,"MCL, LRAA",TTHM,0.978,MG/L,0.08,MG/L,1/1/18,3/31/18,1205022,4/18/18,FORMAL ENFORCEMENT ACTION ISSUED,2018,12.225,CA3500923,33,-121.3678782,36.9097636,
CA5400711,1400043,STATE PRIMARY MCL VIOL - NOT CR6,"1,2,3-TRICHLOROPROPANE",0.028,UG/L,0.005,UG/L,1/1/18,3/31/18,9800406,3/22/18,CA STATE ACTION ISSUED,2018,5.6,CA5400711,104,-119.1430717,36.29779402,OUT-OF-COMPLIANCE
CA1010044,9611040,"MCL, LRAA",TTHM,0.1,MG/L,0.08,MG/L,7/1/18,9/30/18,9712012,10/6/14,FORMAL ENFORCEMENT ACTION ISSUED,2018,1.25,CA1010044,7306,-120.0959531,36.20419784,
CA5400711,1400044,STATE PRIMARY MCL VIOL - NOT CR6,"1,2,3-TRICHLOROPROPANE",0.025,UG/L,0.005,UG/L,4/1/18,6/30/18,9800406,3/22/18,CA STATE ACTION ISSUED,2018,5,CA5400711,104,-119.1430717,36.29779402,OUT-OF-COMPLIANCE
CA4000774,900042,"MCL, AVERAGE",ARSENIC,0.014,MG/L,0.01,MG/L,7/1/18,9/30/18,800231,1/16/09,FORMAL ENFORCEMENT ACTION ISSUED,2018,1.4,CA4000774,100,-120.6135775,35.71088415,
CA5400711,1400046,STATE PRIMARY MCL VIOL - NOT CR6,"1,2,3-TRICHLOROPROPANE",0.022,UG/L,0.005,UG/L,10/1/18,12/31/18,9800406,3/22/18,CA STATE ACTION ISSUED,2018,4.4,CA5400711,104,-119.1430717,36.29779402,OUT-OF-COMPLIANCE
CA5400711,1400047,STATE PRIMARY MCL VIOL - NOT CR6,"1,2,3-TRICHLOROPROPANE",0.02,UG/L,0.005,UG/L,1/1/19,3/31/19,9800406,3/22/18,CA STATE ACTION ISSUED,2019,4,CA5400711,104,-119.1430717,36.29779402,OUT-OF-COMPLIANCE
CA5400711,1400045,STATE PRIMARY MCL VIOL - NOT CR6,"1,2,3-TRICHLOROPROPANE",0.017,UG/L,0.005,UG/L,7/1/18,9/30/18,9800406,3/22/18,CA STATE ACTION ISSUED,2018,3.4,CA5400711,104,-119.1430717,36.29779402,OUT-OF-COMPLIANCE
CA3500823,805019,"MCL, AVERAGE",ARSENIC,0.269,MG/L,0.01,MG/L,4/1/18,6/30/18,905008,11/4/16,FORMAL ENFORCEMENT ACTION ISSUED,2018,26.9,CA3500823,133,-121.3441293,36.82146826,
CA1010044,9611039,"MCL, LRAA",TTHM,0.082,MG/L,0.08,MG/L,1/1/18,3/31/18,9712012,10/6/14,FORMAL ENFORCEMENT ACTION ISSUED,2018,1.025,CA1010044,7306,-120.0959531,36.20419784,
CA3500823,805018,"MCL, AVERAGE",ARSENIC,0.267,MG/L,0.01,MG/L,1/1/18,3/31/18,905008,11/4/16,FORMAL ENFORCEMENT ACTION ISSUED,2018,26.7,CA3500823,133,-121.3441293,36.82146826,
CA3500823,805020,"MCL, AVERAGE",ARSENIC,0.262,MG/L,0.01,MG/L,7/1/18,9/30/18,905008,11/4/16,FORMAL ENFORCEMENT ACTION ISSUED,2018,26.2,CA3500823,133,-121.3441293,36.82146826,
CA3500823,805021,"MCL, AVERAGE",ARSENIC,0.236,MG/L,0.01,MG/L,10/1/18,12/31/18,905008,11/4/16,FORMAL ENFORCEMENT ACTION ISSUED,2018,23.6,CA3500823,133,-121.3441293,36.82146826,
CA1000359,9600054,"MCL, LRAA",TTHM,0.173,MG/L,0.08,MG/L,10/1/18,12/31/18,9600021,12/5/18,FORMAL ENFORCEMENT ACTION ISSUED,2018,2.1625,CA1000359,255,-120.3244555,36.50222481,
CA1500525,9912028,"MCL, AVERAGE",ARSENIC,0.056,MG/L,0.01,MG/L,1/1/18,3/31/18,9719005,3/10/15,FORMAL ENFORCEMENT ACTION ISSUED,2018,5.6,CA1500525,120,-118.3384647,35.63655586,
CA4000774,900041,"MCL, AVERAGE",ARSENIC,0.016,MG/L,0.01,MG/L,4/1/18,6/30/18,800231,1/16/09,FORMAL ENFORCEMENT ACTION ISSUED,2018,1.6,CA4000774,100,-120.6135775,35.71088415,
CA5400709,1400050,"MCL, SINGLE SAMPLE",NITRATE,12.1,MG/L,10,MG/L,10/1/18,12/31/18,1404725,5/9/16,FORMAL ENFORCEMENT ACTION ISSUED,2018,1.21,CA5400709,400,-119.0374305,36.37628677,
CA4000774,900040,"MCL, AVERAGE",ARSENIC,0.015,MG/L,0.01,MG/L,1/1/18,3/31/18,800231,1/16/09,FORMAL ENFORCEMENT ACTION ISSUED,2018,1.5,CA4000774,100,-120.6135775,35.71088415,
CA5400709,1400046,"MCL, SINGLE SAMPLE",NITRATE,12.1,MG/L,10,MG/L,1/1/18,3/31/18,1404725,5/9/16,FORMAL ENFORCEMENT ACTION ISSUED,2018,1.21,CA5400709,400,-119.0374305,36.37628677,
CA1000359,9600052,"MCL, LRAA",TTHM,0.153,MG/L,0.08,MG/L,7/1/18,9/30/18,9600015,11/7/14,FORMAL ENFORCEMENT ACTION ISSUED,2018,1.9125,CA1000359,255,-120.3244555,36.50222481,
CA4000774,900043,"MCL, AVERAGE",ARSENIC,0.015,MG/L,0.01,MG/L,10/1/18,12/31/18,800231,1/16/09,FORMAL ENFORCEMENT ACTION ISSUED,2018,1.5,CA4000774,100,-120.6135775,35.71088415,
CA1000359,9600052,"MCL, LRAA",TTHM,0.153,MG/L,0.08,MG/L,7/1/18,9/30/18,9600021,12/5/18,FORMAL ENFORCEMENT ACTION ISSUED,2018,1.9125,CA1000359,255,-120.3244555,36.50222481,
CA1500525,9912029,"MCL, AVERAGE",ARSENIC,0.033,MG/L,0.01,MG/L,4/1/18,6/30/18,9719005,3/10/15,FORMAL ENFORCEMENT ACTION ISSUED,2018,3.3,CA1500525,120,-118.3384647,35.63655586,
CA1500525,9912032,"MCL, AVERAGE",ARSENIC,0.026,MG/L,0.01,MG/L,10/1/18,12/31/18,9719005,3/10/15,FORMAL ENFORCEMENT ACTION ISSUED,2018,2.6,CA1500525,120,-118.3384647,35.63655586,
CA2010012,9611065,"MCL, SINGLE SAMPLE",NITRATE,20,MG/L,10,MG/L,1/1/18,3/31/18,911016,6/1/06,FORMAL ENFORCEMENT ACTION ISSUED,2018,2,CA2010012,307,-119.9065486,37.21968275,
CA2010012,9611068,"MCL, SINGLE SAMPLE",NITRATE,19.3,MG/L,10,MG/L,4/1/18,6/30/18,911016,6/1/06,FORMAL ENFORCEMENT ACTION ISSUED,2018,1.93,CA2010012,307,-119.9065486,37.21968275,
CA1500525,9912031,"MCL, AVERAGE",ARSENIC,0.025,MG/L,0.01,MG/L,7/1/18,9/30/18,9719005,3/10/15,FORMAL ENFORCEMENT ACTION ISSUED,2018,2.5,CA1500525,120,-118.3384647,35.63655586,
CA2010012,9611066,"MCL, AVERAGE",ARSENIC,22.25,UG/L,10,UG/L,1/1/18,3/31/18,1211020,8/7/12,FORMAL ENFORCEMENT ACTION ISSUED,2018,2.225,CA2010012,307,-119.9065486,37.21968275,
CA1600048,1600025,"MCL, AVERAGE",ARSENIC,0.014,MG/L,0.01,MG/L,10/1/18,12/31/18,1600265,5/18/16,FORMAL ENFORCEMENT ACTION ISSUED,2018,1.4,CA1600048,350,-119.9621712,36.00723786,
CA2010012,9611070,"MCL, AVERAGE",ARSENIC,22.25,UG/L,10,UG/L,4/1/18,6/30/18,1211020,8/7/12,FORMAL ENFORCEMENT ACTION ISSUED,2018,2.225,CA2010012,307,-119.9065486,37.21968275,
CA1600048,1600026,"MCL, AVERAGE",ARSENIC,0.013,MG/L,0.01,MG/L,1/1/19,3/31/19,1600265,5/18/16,FORMAL ENFORCEMENT ACTION ISSUED,2019,1.3,CA1600048,350,-119.9621712,36.00723786,
CA2010012,9611067,"MCL, AVERAGE",COMBINED URANIUM,43.5,PCI/L,20,PCI/L,1/1/18,3/31/18,1211020,8/7/12,FORMAL ENFORCEMENT ACTION ISSUED,2018,2.175,CA2010012,307,-119.9065486,37.21968275,
CA2010012,9611076,"MCL, AVERAGE",COMBINED URANIUM,43,PCI/L,20,PCI/L,1/1/19,3/31/19,1211020,8/7/12,FORMAL ENFORCEMENT ACTION ISSUED,2019,2.15,CA2010012,307,-119.9065486,37.21968275,
CA2701221,1600055,"MCL, AVERAGE",ARSENIC,0.017,MG/L,0.01,MG/L,4/1/18,6/30/18,1706235,8/24/16,FORMAL ENFORCEMENT ACTION ISSUED,2018,1.7,CA2701221,250,-121.7168572,36.57797149,
CA1000345,9600021,"MCL, LRAA",TTHM,0.136,MG/L,0.08,MG/L,10/1/18,12/31/18,9600077,12/17/18,FORMAL ENFORCEMENT ACTION ISSUED,2018,1.7,CA1000345,146,-120.6607006,36.83409551,
CA1600048,1600024,"MCL, AVERAGE",ARSENIC,0.015,MG/L,0.01,MG/L,7/1/18,9/30/18,1600265,5/18/16,FORMAL ENFORCEMENT ACTION ISSUED,2018,1.5,CA1600048,350,-119.9621712,36.00723786,
CA1000345,9600023,"MCL, LRAA",TTHM,0.126,MG/L,0.08,MG/L,1/1/19,3/31/19,9600077,12/17/18,FORMAL ENFORCEMENT ACTION ISSUED,2019,1.575,CA1000345,146,-120.6607006,36.83409551,
CA1600048,1600023,"MCL, AVERAGE",ARSENIC,0.015,MG/L,0.01,MG/L,4/1/18,6/30/18,1600265,5/18/16,FORMAL ENFORCEMENT ACTION ISSUED,2018,1.5,CA1600048,350,-119.9621712,36.00723786,
CA2010012,9611072,"MCL, SINGLE SAMPLE",NITRATE,17,MG/L,10,MG/L,10/1/18,12/31/18,911016,6/1/06,FORMAL ENFORCEMENT ACTION ISSUED,2018,1.7,CA2010012,307,-119.9065486,37.21968275,
CA3901035,1600019,STATE PRIMARY MCL VIOL - NOT CR6,"1,2,3-TRICHLOROPROPANE", ,, ,,4/1/18,6/30/18,1603013,7/12/18,CA STATE ACTION ISSUED,2018,unk,CA3901035,200,-121.2679998,38.13148715,OUT-OF-COMPLIANCE
CA1600048,1600027,"MCL, AVERAGE",ARSENIC,0.014,MG/L,0.01,MG/L,4/1/19,6/30/19,1600265,5/18/16,FORMAL ENFORCEMENT ACTION ISSUED,2019,1.4,CA1600048,350,-119.9621712,36.00723786,
CA2010012,9611075,"MCL, SINGLE SAMPLE",NITRATE,17,MG/L,10,MG/L,1/1/19,3/31/19,911016,6/1/06,FORMAL ENFORCEMENT ACTION ISSUED,2019,1.7,CA2010012,307,-119.9065486,37.21968275,
CA5400682,1212027,"MCL, SINGLE SAMPLE",NITRATE,11,MG/L,10,MG/L,10/1/18,12/31/18,1103987,3/21/14,FORMAL ENFORCEMENT ACTION ISSUED,2018,1.1,CA5400682,138,-119.1352479,36.14407473,
CA2010012,9611073,"MCL, AVERAGE",ARSENIC,17,UG/L,10,UG/L,10/1/18,12/31/18,1211020,8/7/12,FORMAL ENFORCEMENT ACTION ISSUED,2018,1.7,CA2010012,307,-119.9065486,37.21968275,
CA3901169,1600034,STATE PRIMARY MCL VIOL - NOT CR6,"1,2,3-TRICHLOROPROPANE", ,, ,,1/1/18,3/31/18,1202513,9/17/18,CA STATE ACTION ISSUED,2018,unk,CA3901169,804,-121.2394668,37.75379755,
CA1600048,1600022,"MCL, AVERAGE",ARSENIC,0.014,MG/L,0.01,MG/L,1/1/18,3/31/18,1600265,5/18/16,FORMAL ENFORCEMENT ACTION ISSUED,2018,1.4,CA1600048,350,-119.9621712,36.00723786,
CA1010044,9611043,"MCL, LRAA",TTHM,0.137,MG/L,0.08,MG/L,1/1/19,3/31/19,9712012,10/6/14,FORMAL ENFORCEMENT ACTION ISSUED,2019,1.7125,CA1010044,7306,-120.0959531,36.20419784,
CA2010012,9611071,"MCL, SINGLE SAMPLE",NITRATE,18,MG/L,10,MG/L,7/1/18,9/30/18,911016,6/1/06,FORMAL ENFORCEMENT ACTION ISSUED,2018,1.8,CA2010012,307,-119.9065486,37.21968275,
CA1000345,9600020,"MCL, LRAA",TTHM,0.104,MG/L,0.08,MG/L,7/1/18,9/30/18,9600077,12/17/18,FORMAL ENFORCEMENT ACTION ISSUED,2018,1.3,CA1000345,146,-120.6607006,36.83409551,
CA1500525,9912033,"MCL, AVERAGE",ARSENIC,0.034,MG/L, ,,1/1/19,3/31/19,9719005,3/10/15,FORMAL ENFORCEMENT ACTION ISSUED,2019,unk,CA1500525,120,-118.3384647,35.63655586,
CA5400709,1400051,"MCL, SINGLE SAMPLE",NITRATE,13.2,MG/L,10,MG/L,1/1/19,3/31/19,1404725,5/9/16,FORMAL ENFORCEMENT ACTION ISSUED,2019,1.32,CA5400709,400,-119.0374305,36.37628677,
CA3900978,1700008,STATE PRIMARY MCL VIOL - NOT CR6,"1,2,3-TRICHLOROPROPANE", ,, ,,4/1/18,6/30/18,1703105,8/24/18,CA STATE ACTION ISSUED,2018,unk,CA3900978,83,-121.2721409,37.96092863,OUT-OF-COMPLIANCE
CA3900983,1000023,STATE PRIMARY MCL VIOL - NOT CR6,"1,2,3-TRICHLOROPROPANE", ,, ,,4/1/18,6/30/18,1001991,7/12/18,CA STATE ACTION ISSUED,2018,unk,CA3900983,100,-121.1705196,37.99503225,
CA1010044,9611041,"MCL, LRAA",TTHM,0.114,MG/L,0.08,MG/L,10/1/18,12/31/18,9712012,10/6/14,FORMAL ENFORCEMENT ACTION ISSUED,2018,1.425,CA1010044,7306,-120.0959531,36.20419784,
CA5400709,1400048,"MCL, SINGLE SAMPLE",NITRATE,12.4,MG/L,10,MG/L,7/1/18,9/30/18,1404725,5/9/16,FORMAL ENFORCEMENT ACTION ISSUED,2018,1.24,CA5400709,400,-119.0374305,36.37628677,
CA5400709,1400047,"MCL, SINGLE SAMPLE",NITRATE,12.3,MG/L,10,MG/L,4/1/18,6/30/18,1404725,5/9/16,FORMAL ENFORCEMENT ACTION ISSUED,2018,1.23,CA5400709,400,-119.0374305,36.37628677,
CA1000359,9600048,"MCL, LRAA",TTHM,0.11,MG/L,0.08,MG/L,1/1/18,3/31/18,9600015,11/7/14,FORMAL ENFORCEMENT ACTION ISSUED,2018,1.375,CA1000359,255,-120.3244555,36.50222481,
CA1000359,9600048,"MCL, LRAA",TTHM,0.11,MG/L,0.08,MG/L,1/1/18,3/31/18,9600021,12/5/18,FORMAL ENFORCEMENT ACTION ISSUED,2018,1.375,CA1000359,255,-120.3244555,36.50222481,
CA1500525,9912034,"MCL, AVERAGE",COMBINED URANIUM,21,PCI/L, ,,1/1/19,3/31/19,9719004,6/17/14,FORMAL ENFORCEMENT ACTION ISSUED,2019,unk,CA1500525,120,-118.3384647,35.63655586,
CA1500560,9412003,STATE PRIMARY MCL VIOL - NOT CR6,"1,2,3-TRICHLOROPROPANE", ,, ,,10/1/18,12/31/18,9519008,4/5/19,INFORMAL ENFORCEMENT ACTION ISSUED,2018,unk,CA1500560,42,-119.1976348,35.36677401,
CA4700585,9901008,"MCL, AVERAGE",ARSENIC,0.014,MG/L,0.01,MG/L,1/1/18,3/31/18,9701012,1/8/19,FORMAL ENFORCEMENT ACTION ISSUED,2018,1.4,CA4700585,40,-123.4962156,41.39213176,
CA4700585,9901008,"MCL, AVERAGE",ARSENIC,0.014,MG/L,0.01,MG/L,1/1/18,3/31/18,9701008,11/6/18,INFORMAL ENFORCEMENT ACTION ISSUED,2018,1.4,CA4700585,40,-123.4962156,41.39213176,
CA5400558,1400064,"MCL, SINGLE SAMPLE",NITRATE,13.1,MG/L,10,MG/L,7/1/18,9/30/18,1304408,5/6/16,FORMAL ENFORCEMENT ACTION ISSUED,2018,1.31,CA5400558,98,-119.0390638,35.95684136,OUT-OF-COMPLIANCE
CA2701221,1600057,"MCL, AVERAGE",ARSENIC,0.018,MG/L,0.01,MG/L,7/1/18,9/30/18,1706235,8/24/16,FORMAL ENFORCEMENT ACTION ISSUED,2018,1.8,CA2701221,250,-121.7168572,36.57797149,
CA5400558,1400062,"MCL, SINGLE SAMPLE",NITRATE,13,MG/L,10,MG/L,4/1/18,6/30/18,1304408,5/6/16,FORMAL ENFORCEMENT ACTION ISSUED,2018,1.3,CA5400558,98,-119.0390638,35.95684136,OUT-OF-COMPLIANCE
CA2701221,1600054,"MCL, AVERAGE",ARSENIC,0.018,MG/L,0.01,MG/L,1/1/18,3/31/18,1706235,8/24/16,FORMAL ENFORCEMENT ACTION ISSUED,2018,1.8,CA2701221,250,-121.7168572,36.57797149,
CA1500544,9612011,"MCL, AVERAGE",ARSENIC,0.011,MG/L,0.01,MG/L,4/1/18,6/30/18,9719013,8/10/18,FORMAL ENFORCEMENT ACTION ISSUED,2018,1.1,CA1500544,270,-119.2548098,35.38715429,
CA2010012,9611074,"MCL, AVERAGE",COMBINED URANIUM,53,PCI/L,20,PCI/L,10/1/18,12/31/18,1211020,8/7/12,FORMAL ENFORCEMENT ACTION ISSUED,2018,2.65,CA2010012,307,-119.9065486,37.21968275,
CA1500544,9612010,"MCL, AVERAGE",ARSENIC,0.011,MG/L,0.01,MG/L,1/1/18,3/31/18,9719013,8/10/18,FORMAL ENFORCEMENT ACTION ISSUED,2018,1.1,CA1500544,270,-119.2548098,35.38715429,
CA2701221,1600055,"MCL, AVERAGE",ARSENIC,0.017,MG/L,0.01,MG/L,4/1/18,6/30/18,1706236,8/24/16,OTHER INFORMAL ENFORCEMENT ACTION TAKEN,2018,1.7,CA2701221,250,-121.7168572,36.57797149,
CA1500546,9912007,STATE PRIMARY MCL VIOL - NOT CR6,"1,2,3-TRICHLOROPROPANE",0.000011,MG/L,0.000005,MG/L,7/1/18,9/30/18,9919006,6/29/18,CA STATE ACTION ISSUED,2018,2.2,CA1500546,138,-119.1854576,35.35981256,
CA5400558,1400065,"MCL, SINGLE SAMPLE",NITRATE,13.4,MG/L,10,MG/L,10/1/18,12/31/18,1304408,5/6/16,FORMAL ENFORCEMENT ACTION ISSUED,2018,1.34,CA5400558,98,-119.0390638,35.95684136,OUT-OF-COMPLIANCE
CA1500546,9912006,STATE PRIMARY MCL VIOL - NOT CR6,"1,2,3-TRICHLOROPROPANE",0.000009,MG/L,0.000005,MG/L,4/1/18,6/30/18,9919006,6/29/18,CA STATE ACTION ISSUED,2018,1.8,CA1500546,138,-119.1854576,35.35981256,
CA1500555,9619006,STATE PRIMARY MCL VIOL - NOT CR6,"1,2,3-TRICHLOROPROPANE",0.000014,MG/L,0.000005,MG/L,7/1/18,9/30/18,9519005,6/18/18,CA STATE ACTION ISSUED,2018,2.8,CA1500555,200,-119.2018336,35.38552291,
CA1500555,9619005,STATE PRIMARY MCL VIOL - NOT CR6,"1,2,3-TRICHLOROPROPANE",0.00001,MG/L,0.000005,MG/L,4/1/18,6/30/18,9519005,6/18/18,CA STATE ACTION ISSUED,2018,2,CA1500555,200,-119.2018336,35.38552291,
CA2701221,1600057,"MCL, AVERAGE",ARSENIC,0.018,MG/L,0.01,MG/L,7/1/18,9/30/18,1706236,8/24/16,OTHER INFORMAL ENFORCEMENT ACTION TAKEN,2018,1.8,CA2701221,250,-121.7168572,36.57797149,
CA5400616,9800017,"MCL, SINGLE SAMPLE",NITRATE,17,MG/L,10,MG/L,1/1/19,3/31/19,1204165,11/5/15,FORMAL ENFORCEMENT ACTION ISSUED,2019,1.7,CA5400616,109,-119.0260332,36.38430723,
CA2701221,1600054,"MCL, AVERAGE",ARSENIC,0.018,MG/L,0.01,MG/L,1/1/18,3/31/18,1706236,8/24/16,OTHER INFORMAL ENFORCEMENT ACTION TAKEN,2018,1.8,CA2701221,250,-121.7168572,36.57797149,
CA5400616,9800019,"MCL, SINGLE SAMPLE",NITRATE,16.7,MG/L,10,MG/L,4/1/19,6/30/19,1204165,11/5/15,FORMAL ENFORCEMENT ACTION ISSUED,2019,1.67,CA5400616,109,-119.0260332,36.38430723,
CA1500561,9912034,"MCL, AVERAGE",COMBINED URANIUM,26,PCI/L,20,PCI/L,4/1/18,6/30/18,619016,3/9/06,FORMAL ENFORCEMENT ACTION ISSUED,2018,1.3,CA1500561,50,-118.9428107,35.43589589,
CA1500561,9912033,"MCL, AVERAGE",COMBINED URANIUM,26,PCI/L,20,PCI/L,1/1/18,3/31/18,619016,3/9/06,FORMAL ENFORCEMENT ACTION ISSUED,2018,1.3,CA1500561,50,-118.9428107,35.43589589,
CA1500561,9912035,"MCL, AVERAGE",COMBINED URANIUM,26,PCI/L,20,PCI/L,7/1/18,9/30/18,619016,3/9/06,FORMAL ENFORCEMENT ACTION ISSUED,2018,1.3,CA1500561,50,-118.9428107,35.43589589,
CA5400616,9800016,"MCL, SINGLE SAMPLE",NITRATE,15.8,MG/L,10,MG/L,10/1/18,12/31/18,1204165,11/5/15,FORMAL ENFORCEMENT ACTION ISSUED,2018,1.58,CA5400616,109,-119.0260332,36.38430723,
CA5400616,9800013,"MCL, SINGLE SAMPLE",NITRATE,15.8,MG/L,10,MG/L,1/1/18,3/31/18,1204165,11/5/15,FORMAL ENFORCEMENT ACTION ISSUED,2018,1.58,CA5400616,109,-119.0260332,36.38430723,
CA5400558,1400061,"MCL, SINGLE SAMPLE",NITRATE,12.1,MG/L,10,MG/L,1/1/18,3/31/18,1304408,5/6/16,FORMAL ENFORCEMENT ACTION ISSUED,2018,1.21,CA5400558,98,-119.0390638,35.95684136,OUT-OF-COMPLIANCE
CA1610005,9512030,"MCL, LRAA",TTHM,0.16,MG/L,0.08,MG/L,7/1/18,9/30/18,9612015,11/7/14,FORMAL ENFORCEMENT ACTION ISSUED,2018,2,CA1610005,26093,-119.7981074,36.29604362,
CA1610005,9512029,"MCL, LRAA",TTHM,0.155,MG/L,0.08,MG/L,4/1/18,6/30/18,9612015,11/7/14,FORMAL ENFORCEMENT ACTION ISSUED,2018,1.9375,CA1610005,26093,-119.7981074,36.29604362,
CA5400558,1400067,"MCL, SINGLE SAMPLE",NITRATE,11,MG/L,10,MG/L,1/1/19,3/31/19,1304408,5/6/16,FORMAL ENFORCEMENT ACTION ISSUED,2019,1.1,CA5400558,98,-119.0390638,35.95684136,OUT-OF-COMPLIANCE
CA3910005,9310011,STATE PRIMARY MCL VIOL - NOT CR6,"1,2,3-TRICHLOROPROPANE",0.045,UG/L,0.005,UG/L,6/1/18,8/31/18,9910010,3/22/18,FORMAL ENFORCEMENT ACTION ISSUED,2018,9,CA3910005,81664,-121.2265528,37.79345724,
CA1500525,9912030,"MCL, AVERAGE",COMBINED URANIUM,21,PCI/L,20,PCI/L,4/1/18,6/30/18,9719004,6/17/14,FORMAL ENFORCEMENT ACTION ISSUED,2018,1.05,CA1500525,120,-118.3384647,35.63655586,
CA3910005,9310010,STATE PRIMARY MCL VIOL - NOT CR6,"1,2,3-TRICHLOROPROPANE",0.044,UG/L,0.005,UG/L,4/1/18,6/30/18,9910010,3/22/18,FORMAL ENFORCEMENT ACTION ISSUED,2018,8.8,CA3910005,81664,-121.2265528,37.79345724,
CA1000359,9600056,"MCL, LRAA",TTHM,0.126,MG/L,0.08,MG/L,1/1/19,3/31/19,9600021,12/5/18,FORMAL ENFORCEMENT ACTION ISSUED,2019,1.575,CA1000359,255,-120.3244555,36.50222481,
CA3910005,9310012,STATE PRIMARY MCL VIOL - NOT CR6,"1,2,3-TRICHLOROPROPANE",0.044,UG/L,0.005,UG/L,10/1/18,12/31/18,9910010,3/22/18,FORMAL ENFORCEMENT ACTION ISSUED,2018,8.8,CA3910005,81664,-121.2265528,37.79345724,
CA1000359,9600050,"MCL, LRAA",TTHM,0.125,MG/L,0.08,MG/L,4/1/18,6/30/18,9600015,11/7/14,FORMAL ENFORCEMENT ACTION ISSUED,2018,1.5625,CA1000359,255,-120.3244555,36.50222481,
CA3910005,9310013,STATE PRIMARY MCL VIOL - NOT CR6,"1,2,3-TRICHLOROPROPANE",0.042,UG/L,0.005,UG/L,1/1/19,3/31/19,9910010,3/22/18,FORMAL ENFORCEMENT ACTION ISSUED,2019,8.4,CA3910005,81664,-121.2265528,37.79345724,
CA1000359,9600050,"MCL, LRAA",TTHM,0.125,MG/L,0.08,MG/L,4/1/18,6/30/18,9600021,12/5/18,FORMAL ENFORCEMENT ACTION ISSUED,2018,1.5625,CA1000359,255,-120.3244555,36.50222481,
CA2010012,9611077,"MCL, AVERAGE",ARSENIC,12,UG/L,10,UG/L,1/1/19,3/31/19,1211020,8/7/12,FORMAL ENFORCEMENT ACTION ISSUED,2019,1.2,CA2010012,307,-119.9065486,37.21968275,
CA3910005,9310009,STATE PRIMARY MCL VIOL - NOT CR6,"1,2,3-TRICHLOROPROPANE",0.011,UG/L,0.005,UG/L,1/1/18,3/31/18,9910010,3/22/18,FORMAL ENFORCEMENT ACTION ISSUED,2018,2.2,CA3910005,81664,-121.2265528,37.79345724,
CA2010012,9611069,"MCL, AVERAGE",COMBINED URANIUM,23,PCI/L,20,PCI/L,4/1/18,6/30/18,1211020,8/7/12,FORMAL ENFORCEMENT ACTION ISSUED,2018,1.15,CA2010012,307,-119.9065486,37.21968275,
CA3910014,210002,STATE PRIMARY MCL VIOL - NOT CR6,"1,2,3-TRICHLOROPROPANE",0.000008,MG/L,0.000005,MG/L,4/1/18,6/30/18,9910006,7/23/18,FORMAL ENFORCEMENT ACTION ISSUED,2018,1.6,CA3910014,1086,-121.2125852,37.83024183,
CA5400558,1400066,STATE PRIMARY MCL VIOL - NOT CR6,"1,2,3-TRICHLOROPROPANE",0.023,UG/L,0.005,UG/L,10/1/18,12/31/18,1304412,8/21/18,CA STATE ACTION ISSUED,2018,4.6,CA5400558,98,-119.0390638,35.95684136,OUT-OF-COMPLIANCE
CA5400558,1400068,STATE PRIMARY MCL VIOL - NOT CR6,"1,2,3-TRICHLOROPROPANE",0.02,UG/L,0.005,UG/L,1/1/19,3/31/19,1304412,8/21/18,CA STATE ACTION ISSUED,2019,4,CA5400558,98,-119.0390638,35.95684136,OUT-OF-COMPLIANCE
CA5400558,1400063,STATE PRIMARY MCL VIOL - NOT CR6,"1,2,3-TRICHLOROPROPANE",0.013,UG/L,0.005,UG/L,4/1/18,6/30/18,1304412,8/21/18,CA STATE ACTION ISSUED,2018,2.6,CA5400558,98,-119.0390638,35.95684136,OUT-OF-COMPLIANCE
CA1000221,1023035,STATE PRIMARY MCL VIOL - NOT CR6,"1,2,3-TRICHLOROPROPANE",0.008,UG/L,0.005,UG/L,4/1/18,6/30/18,923010,6/7/18,CA STATE ACTION ISSUED,2018,1.6,CA1000221,1000,-119.7928654,36.64774251,
CA1009281,1223046,"MCL, LRAA",TTHM,0.082,MG/L,0.08,MG/L,4/1/18,6/30/18,1123006,5/4/15,FORMAL ENFORCEMENT ACTION ISSUED,2018,1.025,CA1009281,50,-120.6459644,36.78539806,
CA1010001,9311004,STATE PRIMARY MCL VIOL - NOT CR6,"1,2,3-TRICHLOROPROPANE",0.000008,MG/L,0.000005,MG/L,4/1/18,6/30/18,9511013,7/13/18,CA STATE ACTION ISSUED,2018,1.6,CA1010001,16756,-119.7083249,36.74617062,
CA5400553,1200014,STATE PRIMARY MCL VIOL - NOT CR6,"1,2,3-TRICHLOROPROPANE",0.000009,MG/L, ,,7/1/18,9/30/18,1204105,6/27/18,CA STATE ACTION ISSUED,2018,unk,CA5400553,740,-119.4840481,36.45474429,
CA5400553,1200013,STATE PRIMARY MCL VIOL - NOT CR6,"1,2,3-TRICHLOROPROPANE",0.000007,MG/L,0.000005,MG/L,4/1/18,6/30/18,1204105,6/27/18,CA STATE ACTION ISSUED,2018,1.4,CA5400553,740,-119.4840481,36.45474429,
CA1500461,9919040,"MCL, AVERAGE",ARSENIC,0.086,MG/L, ,,1/1/19,3/31/19,919019,1/23/09,FORMAL ENFORCEMENT ACTION ISSUED,2019,unk,CA1500461,68,-117.8446559,35.00842317,
CA1000221,1023036,STATE PRIMARY MCL VIOL - NOT CR6,"1,2,3-TRICHLOROPROPANE",0.006,UG/L,0.005,UG/L,4/1/18,6/30/18,923010,6/7/18,CA STATE ACTION ISSUED,2018,1.2,CA1000221,1000,-119.7928654,36.64774251,
CA1510052,9712027,"MCL, AVERAGE",ARSENIC,0.032,MG/L, ,,1/1/19,3/31/19,919015,1/23/09,FORMAL ENFORCEMENT ACTION ISSUED,2019,unk,CA1510052,600,-117.8312457,35.02091091,
CA1500459,9619012,"MCL, SINGLE SAMPLE",NITRATE,11,MG/L, ,,1/1/19,3/31/19,719010,1/7/16,FORMAL ENFORCEMENT ACTION ISSUED,2019,unk,CA1500459,82,-118.9913129,34.81716377,
CA5400651,1400062,"MCL, SINGLE SAMPLE",NITRATE,18,MG/L,10,MG/L,10/1/18,12/31/18,1103978,11/5/15,FORMAL ENFORCEMENT ACTION ISSUED,2018,1.8,CA5400651,92,-119.0494839,36.10019,
CA5400651,1400060,"MCL, SINGLE SAMPLE",NITRATE,17.5,MG/L,10,MG/L,4/1/18,6/30/18,1103978,11/5/15,FORMAL ENFORCEMENT ACTION ISSUED,2018,1.75,CA5400651,92,-119.0494839,36.10019,
CA1510052,9712023,"MCL, AVERAGE",ARSENIC,0.034,MG/L,0.01,MG/L,4/1/18,6/30/18,919015,1/23/09,FORMAL ENFORCEMENT ACTION ISSUED,2018,3.4,CA1510052,600,-117.8312457,35.02091091,
CA5400651,1400059,"MCL, SINGLE SAMPLE",NITRATE,14.8,MG/L,10,MG/L,1/1/18,3/31/18,1103978,11/5/15,FORMAL ENFORCEMENT ACTION ISSUED,2018,1.48,CA5400651,92,-119.0494839,36.10019,
CA3901337,200002,STATE PRIMARY MCL VIOL - NOT CR6,"1,2,3-TRICHLOROPROPANE", ,, ,,4/1/18,6/30/18,201411,7/30/18,CA STATE ACTION ISSUED,2018,unk,CA3901337,180,-121.2490583,38.053766,
CA1500461,9919039,"MCL, AVERAGE",ARSENIC,0.081,MG/L,0.01,MG/L,10/1/18,12/31/18,919019,1/23/09,FORMAL ENFORCEMENT ACTION ISSUED,2018,8.1,CA1500461,68,-117.8446559,35.00842317,
CA4900532,9903005,"MCL, LRAA",TTHM,0.093,MG/L,0.08,MG/L,1/1/18,3/31/18,1118008,3/13/18,FORMAL ENFORCEMENT ACTION ISSUED,2018,1.1625,CA4900532,406,-123.1178039,38.45227742,
CA5400651,1400063,"MCL, SINGLE SAMPLE",NITRATE,12.6,MG/L,10,MG/L,1/1/19,3/31/19,1103978,11/5/15,FORMAL ENFORCEMENT ACTION ISSUED,2019,1.26,CA5400651,92,-119.0494839,36.10019,
CA4900532,9903006,"MCL, LRAA",TTHM,0.089,MG/L,0.08,MG/L,4/1/18,6/30/18,1118008,3/13/18,FORMAL ENFORCEMENT ACTION ISSUED,2018,1.1125,CA4900532,406,-123.1178039,38.45227742,
CA4900532,9903007,"MCL, LRAA",TTHM,0.081,MG/L,0.08,MG/L,7/1/18,9/30/18,1118008,3/13/18,FORMAL ENFORCEMENT ACTION ISSUED,2018,1.0125,CA4900532,406,-123.1178039,38.45227742,
CA2701063,9800011,"MCL, SINGLE SAMPLE",NITRATE,59,MG/L,10,MG/L,1/1/18,3/31/18,9800414,5/9/17,OTHER INFORMAL ENFORCEMENT ACTION TAKEN,2018,5.9,CA2701063,65,-121.4410286,36.50202164,
CA2701063,9800011,"MCL, SINGLE SAMPLE",NITRATE,59,MG/L,10,MG/L,1/1/18,3/31/18,9800413,5/9/17,FORMAL ENFORCEMENT ACTION ISSUED,2018,5.9,CA2701063,65,-121.4410286,36.50202164,
CA2010007,9911056,"MCL, AVERAGE",COMBINED URANIUM,350,PCI/L,20,PCI/L,1/1/19,3/31/19,9711006,9/8/97,FORMAL ENFORCEMENT ACTION ISSUED,2019,17.5,CA2010007,3449,-119.6302053,37.32731708,
CA2010007,9911049,"MCL, AVERAGE",COMBINED URANIUM,300,PCI/L,20,PCI/L,4/1/18,6/30/18,9711006,9/8/97,FORMAL ENFORCEMENT ACTION ISSUED,2018,15,CA2010007,3449,-119.6302053,37.32731708,
CA1510052,9712026,"MCL, AVERAGE",ARSENIC,0.033,MG/L,0.01,MG/L,10/1/18,12/31/18,919015,1/23/09,FORMAL ENFORCEMENT ACTION ISSUED,2018,3.3,CA1510052,600,-117.8312457,35.02091091,
CA2010007,9911047,"MCL, AVERAGE",COMBINED URANIUM,230,PCI/L,20,PCI/L,1/1/18,3/31/18,9711006,9/8/97,FORMAL ENFORCEMENT ACTION ISSUED,2018,11.5,CA2010007,3449,-119.6302053,37.32731708,
CA1510052,9712025,"MCL, AVERAGE",ARSENIC,0.033,MG/L,0.01,MG/L,7/1/18,9/30/18,919015,1/23/09,FORMAL ENFORCEMENT ACTION ISSUED,2018,3.3,CA1510052,600,-117.8312457,35.02091091,
CA1510052,9712022,"MCL, AVERAGE",ARSENIC,0.033,MG/L,0.01,MG/L,1/1/18,3/31/18,919015,1/23/09,FORMAL ENFORCEMENT ACTION ISSUED,2018,3.3,CA1510052,600,-117.8312457,35.02091091,
CA2010007,9911052,"MCL, AVERAGE",COMBINED URANIUM,184,PCI/L,20,PCI/L,7/1/18,9/30/18,9711006,9/8/97,FORMAL ENFORCEMENT ACTION ISSUED,2018,9.2,CA2010007,3449,-119.6302053,37.32731708,
CA2010007,9911054,"MCL, AVERAGE",COMBINED URANIUM,173,PCI/L,20,PCI/L,10/1/18,12/31/18,9711006,9/8/97,FORMAL ENFORCEMENT ACTION ISSUED,2018,8.65,CA2010007,3449,-119.6302053,37.32731708,
CA1500458,9612038,"MCL, AVERAGE",ARSENIC,0.011,MG/L,0.01,MG/L,1/1/18,3/31/18,919014,1/23/09,FORMAL ENFORCEMENT ACTION ISSUED,2018,1.1,CA1500458,67,-118.4554829,35.71190082,OUT-OF-COMPLIANCE
CA1500458,9612036,"MCL, SINGLE SAMPLE",NITRATE,13,MG/L,10,MG/L,1/1/18,3/31/18,9619007,11/19/13,FORMAL ENFORCEMENT ACTION ISSUED,2018,1.3,CA1500458,67,-118.4554829,35.71190082,OUT-OF-COMPLIANCE
CA1500458,9612042,"MCL, SINGLE SAMPLE",NITRATE,13,MG/L,10,MG/L,7/1/18,9/30/18,9619007,11/19/13,FORMAL ENFORCEMENT ACTION ISSUED,2018,1.3,CA1500458,67,-118.4554829,35.71190082,OUT-OF-COMPLIANCE
CA1500458,9612044,"MCL, SINGLE SAMPLE",NITRATE,12,MG/L,10,MG/L,10/1/18,12/31/18,9619007,11/19/13,FORMAL ENFORCEMENT ACTION ISSUED,2018,1.2,CA1500458,67,-118.4554829,35.71190082,OUT-OF-COMPLIANCE
CA5400616,9800015,"MCL, SINGLE SAMPLE",NITRATE,14.9,MG/L,10,MG/L,4/1/18,6/30/18,1204165,11/5/15,FORMAL ENFORCEMENT ACTION ISSUED,2018,1.49,CA5400616,109,-119.0260332,36.38430723,
CA1500458,9612039,"MCL, SINGLE SAMPLE",NITRATE,12,MG/L,10,MG/L,4/1/18,6/30/18,9619007,11/19/13,FORMAL ENFORCEMENT ACTION ISSUED,2018,1.2,CA1500458,67,-118.4554829,35.71190082,OUT-OF-COMPLIANCE
CA1510051,9912038,"MCL, AVERAGE",COMBINED URANIUM,23,PCI/L, ,,1/1/19,3/31/19,9919015,1/7/16,FORMAL ENFORCEMENT ACTION ISSUED,2019,unk,CA1510051,1379,-118.873364,34.84467199,
CA1009281,1223044,"MCL, LRAA",TTHM,0.095,MG/L,0.08,MG/L,1/1/18,3/31/18,1123006,5/4/15,FORMAL ENFORCEMENT ACTION ISSUED,2018,1.1875,CA1009281,50,-120.6459644,36.78539806,
CA5400641,800013,STATE PRIMARY MCL VIOL - NOT CR6,"1,2,3-TRICHLOROPROPANE", ,, ,,1/1/19,3/31/19,9800399,4/22/19,CA STATE ACTION ISSUED,2019,unk,CA5400641,343,-119.2785114,35.93717841,
CA5400641,800006,STATE PRIMARY MCL VIOL - NOT CR6,"1,2,3-TRICHLOROPROPANE",0.035,UG/L,0.005,UG/L,1/1/18,3/31/18,9800396,4/27/18,CA STATE ACTION ISSUED,2018,7,CA5400641,343,-119.2785114,35.93717841,
CA5400641,800012,STATE PRIMARY MCL VIOL - NOT CR6,"1,2,3-TRICHLOROPROPANE",0.02,UG/L,0.005,UG/L,10/1/18,12/31/18,9800396,4/27/18,CA STATE ACTION ISSUED,2018,4,CA5400641,343,-119.2785114,35.93717841,
CA5400641,800011,STATE PRIMARY MCL VIOL - NOT CR6,"1,2,3-TRICHLOROPROPANE",0.0194,UG/L,0.005,UG/L,7/1/18,9/30/18,9800396,4/27/18,CA STATE ACTION ISSUED,2018,3.88,CA5400641,343,-119.2785114,35.93717841,
CA5400651,1400061,"MCL, SINGLE SAMPLE",NITRATE,22.9,MG/L,10,MG/L,7/1/18,9/30/18,1103978,11/5/15,FORMAL ENFORCEMENT ACTION ISSUED,2018,2.29,CA5400651,92,-119.0494839,36.10019,
CA3710009,9814019,"MCL, AVERAGE",COMBINED URANIUM,27,PCI/L, ,,1/1/18,3/31/18,114005,5/16/16,FORMAL ENFORCEMENT ACTION ISSUED,2018,unk,CA3710009,870,-116.6150325,32.85938967,
CA1000299,1123013,STATE PRIMARY MCL VIOL - NOT CR6,"1,2,3-TRICHLOROPROPANE",0.045,UG/L,0.005,UG/L,1/1/18,3/31/18,1323355,3/21/18,CA STATE ACTION ISSUED,2018,9,CA1000299,300,-119.8347201,36.76784382,
CA1000316,812013,STATE PRIMARY MCL VIOL - NOT CR6,"1,2,3-TRICHLOROPROPANE",0.014,UG/L,0.005,UG/L,1/1/18,3/31/18,912346,3/22/18,CA STATE ACTION ISSUED,2018,2.8,CA1000316,120,-119.3760471,36.58874174,
CA1510051,9912037,"MCL, AVERAGE",COMBINED URANIUM,22,PCI/L,20,PCI/L,10/1/18,12/31/18,9919015,1/7/16,FORMAL ENFORCEMENT ACTION ISSUED,2018,1.1,CA1510051,1379,-118.873364,34.84467199,
CA1000248,1223044,STATE PRIMARY MCL VIOL - NOT CR6,"1,2,3-TRICHLOROPROPANE",0.062,UG/L,0.005,UG/L,1/1/18,3/31/18,1323035,3/21/18,CA STATE ACTION ISSUED,2018,12.4,CA1000248,80,-119.9964943,36.71363923,
CA1500458,9612040,"MCL, AVERAGE",ARSENIC,0.011,MG/L,0.01,MG/L,4/1/18,6/30/18,919014,1/23/09,FORMAL ENFORCEMENT ACTION ISSUED,2018,1.1,CA1500458,67,-118.4554829,35.71190082,OUT-OF-COMPLIANCE
CA5400636,1400035,"MCL, SINGLE SAMPLE",NITRATE,11,MG/L,10,MG/L,4/1/18,6/30/18,9800447,12/13/17,FORMAL ENFORCEMENT ACTION ISSUED,2018,1.1,CA5400636,1200,-119.2891762,36.54852233,
CA1010039,1223057,STATE PRIMARY MCL VIOL - NOT CR6,"1,2,3-TRICHLOROPROPANE",0.007,UG/L,0.005,UG/L,10/1/18,12/31/18,9312008,1/28/19,CA STATE ACTION ISSUED,2018,1.4,CA1010039,2503,-119.8368199,36.53997437,
CA1510051,9912034,"MCL, AVERAGE",COMBINED URANIUM,23,PCI/L,20,PCI/L,7/1/18,9/30/18,9919015,1/7/16,FORMAL ENFORCEMENT ACTION ISSUED,2018,1.15,CA1510051,1379,-118.873364,34.84467199,
CA1510051,9912030,"MCL, AVERAGE",COMBINED URANIUM,23,PCI/L,20,PCI/L,1/1/18,3/31/18,9919015,1/7/16,FORMAL ENFORCEMENT ACTION ISSUED,2018,1.15,CA1510051,1379,-118.873364,34.84467199,
CA3310026,220009,"MCL, LRAA",TTHM,0.093,MG/L,0.08,MG/L,4/1/19,6/30/19,920012,5/3/19,FORMAL ENFORCEMENT ACTION ISSUED,2019,1.1625,CA3310026,6704,-117.1358373,33.80851807,
CA5201137,1600019,"MCL, SINGLE SAMPLE",ARSENIC,19,UG/L, ,,7/1/18,9/30/18,1600032,1/15/16,INFORMAL ENFORCEMENT ACTION ISSUED,2018,unk,CA5201137,80,-122.1020244,40.03014928,
CA1510051,9912032,"MCL, AVERAGE",COMBINED URANIUM,23,PCI/L,20,PCI/L,4/1/18,6/30/18,9919015,1/7/16,FORMAL ENFORCEMENT ACTION ISSUED,2018,1.15,CA1510051,1379,-118.873364,34.84467199,
CA2701063,9800012,"MCL, SINGLE SAMPLE",NITRATE,73,MG/L,10,MG/L,4/1/18,6/30/18,9800413,5/9/17,FORMAL ENFORCEMENT ACTION ISSUED,2018,7.3,CA2701063,65,-121.4410286,36.50202164,
CA3310026,220007,"MCL, LRAA",TTHM,0.0858,MG/L,0.08,MG/L,10/1/18,12/31/18,920010,10/25/18,FORMAL ENFORCEMENT ACTION ISSUED,2018,1.0725,CA3310026,6704,-117.1358373,33.80851807,
CA1600008,9900015,"MCL, AVERAGE",ARSENIC,0.012,MG/L,0.01,MG/L,4/1/19,6/30/19,1500256,2/5/15,FORMAL ENFORCEMENT ACTION ISSUED,2019,1.2,CA1600008,320,-119.7795545,36.2432128,
CA3310026,220008,"MCL, LRAA",TTHM,0.0848,MG/L,0.08,MG/L,1/1/19,3/31/19,920011,1/30/19,FORMAL ENFORCEMENT ACTION ISSUED,2019,1.06,CA3310026,6704,-117.1358373,33.80851807,
CA1600008,9900010,"MCL, AVERAGE",ARSENIC,0.012,MG/L,0.01,MG/L,1/1/18,3/31/18,1500256,2/5/15,FORMAL ENFORCEMENT ACTION ISSUED,2018,1.2,CA1600008,320,-119.7795545,36.2432128,
CA3701408,9814003,"MCL, SINGLE SAMPLE",NITRATE,12,MG/L,10,MG/L,7/1/18,7/31/18,9814008,8/10/18,FORMAL ENFORCEMENT ACTION ISSUED,2018,1.2,CA3701408,260,-116.9773665,33.31864894,
CA1500494,9812036,"MCL, SINGLE SAMPLE",NITRATE,19,MG/L,10,MG/L,1/1/19,3/31/19,9819014,5/24/19,FORMAL ENFORCEMENT ACTION ISSUED,2019,1.9,CA1500494,66,-118.9014835,35.33365856,
CA2701063,9800013,"MCL, SINGLE SAMPLE",NITRATE,85,MG/L,10,MG/L,7/1/18,9/30/18,9800414,5/9/17,OTHER INFORMAL ENFORCEMENT ACTION TAKEN,2018,8.5,CA2701063,65,-121.4410286,36.50202164,
CA3701793,1705363,"MCL, AVERAGE",ARSENIC,12,MG/L,0.01,MG/L,4/1/18,6/30/18,1606148,12/13/16,FORMAL ENFORCEMENT ACTION ISSUED,2018,1200,CA3701793,200,-116.6103278,32.62436746,
CA1010039,1223056,"MCL, AVERAGE",ARSENIC,0.0138,MG/L,0.01,MG/L,7/1/18,9/30/18,923003,1/15/09,FORMAL ENFORCEMENT ACTION ISSUED,2018,1.38,CA1010039,2503,-119.8368199,36.53997437,
CA1500494,9812035,"MCL, SINGLE SAMPLE",NITRATE,19,MG/L,10,MG/L,10/1/18,12/31/18,9819014,5/24/19,FORMAL ENFORCEMENT ACTION ISSUED,2018,1.9,CA1500494,66,-118.9014835,35.33365856,
CA2701063,9800013,"MCL, SINGLE SAMPLE",NITRATE,85,MG/L,10,MG/L,7/1/18,9/30/18,9800413,5/9/17,FORMAL ENFORCEMENT ACTION ISSUED,2018,8.5,CA2701063,65,-121.4410286,36.50202164,
CA3701793,1705362,"MCL, AVERAGE",ARSENIC,12,MG/L,0.01,MG/L,1/1/18,3/31/18,1606148,12/13/16,FORMAL ENFORCEMENT ACTION ISSUED,2018,1200,CA3701793,200,-116.6103278,32.62436746,
CA1010039,1223054,"MCL, AVERAGE",ARSENIC,0.0135,MG/L,0.01,MG/L,1/1/18,3/31/18,923003,1/15/09,FORMAL ENFORCEMENT ACTION ISSUED,2018,1.35,CA1010039,2503,-119.8368199,36.53997437,
CA1500494,9812036,"MCL, SINGLE SAMPLE",NITRATE,19,MG/L,10,MG/L,1/1/19,3/31/19,919016,2/24/09,FORMAL ENFORCEMENT ACTION ISSUED,2019,1.9,CA1500494,66,-118.9014835,35.33365856,
CA2701063,9800012,"MCL, SINGLE SAMPLE",NITRATE,73,MG/L,10,MG/L,4/1/18,6/30/18,9800414,5/9/17,OTHER INFORMAL ENFORCEMENT ACTION TAKEN,2018,7.3,CA2701063,65,-121.4410286,36.50202164,
CA1010039,1223058,"MCL, AVERAGE",ARSENIC,0.0133,MG/L,0.01,MG/L,10/1/18,12/31/18,923003,1/15/09,FORMAL ENFORCEMENT ACTION ISSUED,2018,1.33,CA1010039,2503,-119.8368199,36.53997437,
CA1500494,9812035,"MCL, SINGLE SAMPLE",NITRATE,19,MG/L,10,MG/L,10/1/18,12/31/18,919016,2/24/09,FORMAL ENFORCEMENT ACTION ISSUED,2018,1.9,CA1500494,66,-118.9014835,35.33365856,
CA1600008,9900011,"MCL, AVERAGE",ARSENIC,0.013,MG/L,0.01,MG/L,4/1/18,6/30/18,1500256,2/5/15,FORMAL ENFORCEMENT ACTION ISSUED,2018,1.3,CA1600008,320,-119.7795545,36.2432128,
CA2010007,9911051,"MCL, AVERAGE",ARSENIC,0.013,MG/L,0.01,MG/L,7/1/18,9/30/18,911021,1/26/09,FORMAL ENFORCEMENT ACTION ISSUED,2018,1.3,CA2010007,3449,-119.6302053,37.32731708,
CA1010039,1223055,"MCL, AVERAGE",ARSENIC,0.0133,MG/L,0.01,MG/L,4/1/18,6/30/18,923003,1/15/09,FORMAL ENFORCEMENT ACTION ISSUED,2018,1.33,CA1010039,2503,-119.8368199,36.53997437,
CA1600008,9900014,"MCL, AVERAGE",ARSENIC,0.012,MG/L,0.01,MG/L,1/1/19,3/31/19,1500256,2/5/15,FORMAL ENFORCEMENT ACTION ISSUED,2019,1.2,CA1600008,320,-119.7795545,36.2432128,
CA1010039,1223059,"MCL, AVERAGE",ARSENIC,0.0133,MG/L,0.01,MG/L,1/1/19,3/31/19,923003,1/15/09,FORMAL ENFORCEMENT ACTION ISSUED,2019,1.33,CA1010039,2503,-119.8368199,36.53997437,
CA1600008,9900012,"MCL, AVERAGE",ARSENIC,0.012,MG/L,0.01,MG/L,7/1/18,9/30/18,1500256,2/5/15,FORMAL ENFORCEMENT ACTION ISSUED,2018,1.2,CA1600008,320,-119.7795545,36.2432128,
CA2010007,9911053,"MCL, AVERAGE",ARSENIC,17,UG/L,10,UG/L,10/1/18,12/31/18,911021,1/26/09,FORMAL ENFORCEMENT ACTION ISSUED,2018,1.7,CA2010007,3449,-119.6302053,37.32731708,
CA1010019,9911011,STATE PRIMARY MCL VIOL - NOT CR6,"1,2,3-TRICHLOROPROPANE",0.007,UG/L,0.005,UG/L,4/1/18,6/30/18,9912013,5/18/18,CA STATE ACTION ISSUED,2018,1.4,CA1010019,11504,-119.555976,36.51991495,
CA1600008,9900013,"MCL, AVERAGE",ARSENIC,0.011,MG/L,0.01,MG/L,10/1/18,12/31/18,1500256,2/5/15,FORMAL ENFORCEMENT ACTION ISSUED,2018,1.1,CA1600008,320,-119.7795545,36.2432128,
CA1010025,9811011,STATE PRIMARY MCL VIOL - NOT CR6,"1,2,3-TRICHLOROPROPANE",0.1,UG/L, ,,1/1/18,3/31/18,9811020,5/8/18,CA STATE ACTION ISSUED,2018,unk,CA1010025,15250,-119.5409437,36.60969758,
CA2010007,9911050,"MCL, AVERAGE",ARSENIC,16,UG/L,10,UG/L,4/1/18,6/30/18,911021,1/26/09,FORMAL ENFORCEMENT ACTION ISSUED,2018,1.6,CA2010007,3449,-119.6302053,37.32731708,
CA2010007,9911055,"MCL, AVERAGE",ARSENIC,16,UG/L,10,UG/L,1/1/19,3/31/19,911021,1/26/09,FORMAL ENFORCEMENT ACTION ISSUED,2019,1.6,CA2010007,3449,-119.6302053,37.32731708,
CA2010007,9911048,"MCL, AVERAGE",ARSENIC,15.5,UG/L,10,UG/L,1/1/18,3/31/18,911021,1/26/09,FORMAL ENFORCEMENT ACTION ISSUED,2018,1.55,CA2010007,3449,-119.6302053,37.32731708,
CA1500494,9812033,STATE PRIMARY MCL VIOL - NOT CR6,"1,2,3-TRICHLOROPROPANE",0.000194,MG/L,0.000005,MG/L,7/1/18,9/30/18,9819013,2/20/18,CA STATE ACTION ISSUED,2018,38.8,CA1500494,66,-118.9014835,35.33365856,
CA4410301,1205028,"MCL, LRAA",TTHM,0.185,MG/L,0.08,MG/L,7/1/18,9/30/18,1205016,2/16/18,FORMAL ENFORCEMENT ACTION ISSUED,2018,2.3125,CA4410301,3029,-122.0636293,37.04058861,
CA1500494,9812032,STATE PRIMARY MCL VIOL - NOT CR6,"1,2,3-TRICHLOROPROPANE",0.000121,MG/L,0.000005,MG/L,4/1/18,6/30/18,9819013,2/20/18,CA STATE ACTION ISSUED,2018,24.2,CA1500494,66,-118.9014835,35.33365856,
CA1500494,9812029,STATE PRIMARY MCL VIOL - NOT CR6,"1,2,3-TRICHLOROPROPANE",0.000061,MG/L,0.000005,MG/L,1/1/18,3/31/18,9819013,2/20/18,CA STATE ACTION ISSUED,2018,12.2,CA1500494,66,-118.9014835,35.33365856,
CA1500493,9619028,"MCL, AVERAGE",ARSENIC,0.024,MG/L,0.01,MG/L,7/1/18,9/30/18,9619006,5/27/15,FORMAL ENFORCEMENT ACTION ISSUED,2018,2.4,CA1500493,200,-118.9637827,35.24606019,
CA1010006,9611003,STATE PRIMARY MCL VIOL - NOT CR6,"1,2,3-TRICHLOROPROPANE",0.007,UG/L,0.005,UG/L,7/1/18,9/30/18,9611008,8/15/18,CA STATE ACTION ISSUED,2018,1.4,CA1010006,5801,-119.6737441,36.62502911,
CA1500493,9619026,"MCL, AVERAGE",ARSENIC,0.024,MG/L,0.01,MG/L,1/1/18,3/31/18,9619006,5/27/15,FORMAL ENFORCEMENT ACTION ISSUED,2018,2.4,CA1500493,200,-118.9637827,35.24606019,
CA1500493,9619029,"MCL, AVERAGE",ARSENIC,0.023,MG/L,0.01,MG/L,10/1/18,12/31/18,9619006,5/27/15,FORMAL ENFORCEMENT ACTION ISSUED,2018,2.3,CA1500493,200,-118.9637827,35.24606019,
CA3900624,1300013,STATE PRIMARY MCL VIOL - NOT CR6,"1,2,3-TRICHLOROPROPANE", ,, ,,10/1/18,12/31/18,1302594,11/19/18,CA STATE ACTION ISSUED,2018,unk,CA3900624,160,-121.2855246,38.07771745,
CA1010019,9911010,STATE PRIMARY MCL VIOL - NOT CR6,"1,2,3-TRICHLOROPROPANE",0.008,UG/L,0.005,UG/L,4/1/18,6/30/18,9912013,5/18/18,CA STATE ACTION ISSUED,2018,1.6,CA1010019,11504,-119.555976,36.51991495,
CA1500461,9919035,"MCL, AVERAGE",ARSENIC,0.074,MG/L,0.01,MG/L,1/1/18,3/31/18,919019,1/23/09,FORMAL ENFORCEMENT ACTION ISSUED,2018,7.4,CA1500461,68,-117.8446559,35.00842317,
CA4410301,1205026,"MCL, LRAA",TTHM,0.153,MG/L,0.08,MG/L,1/1/18,3/31/18,1205014,8/14/14,FORMAL ENFORCEMENT ACTION ISSUED,2018,1.9125,CA4410301,3029,-122.0636293,37.04058861,
CA1500461,9919036,"MCL, AVERAGE",ARSENIC,0.073,MG/L,0.01,MG/L,4/1/18,6/30/18,919019,1/23/09,FORMAL ENFORCEMENT ACTION ISSUED,2018,7.3,CA1500461,68,-117.8446559,35.00842317,
CA4410301,1205027,"MCL, LRAA",TTHM,0.153,MG/L,0.08,MG/L,4/1/18,6/30/18,1205014,8/14/14,FORMAL ENFORCEMENT ACTION ISSUED,2018,1.9125,CA4410301,3029,-122.0636293,37.04058861,
CA4410301,1205026,"MCL, LRAA",TTHM,0.153,MG/L,0.08,MG/L,1/1/18,3/31/18,1205015,11/16/15,FORMAL ENFORCEMENT ACTION ISSUED,2018,1.9125,CA4410301,3029,-122.0636293,37.04058861,
CA1500461,9919037,"MCL, AVERAGE",ARSENIC,0.072,MG/L,0.01,MG/L,7/1/18,9/30/18,919019,1/23/09,FORMAL ENFORCEMENT ACTION ISSUED,2018,7.2,CA1500461,68,-117.8446559,35.00842317,
CA4410301,1205027,"MCL, LRAA",TTHM,0.153,MG/L,0.08,MG/L,4/1/18,6/30/18,1205015,11/16/15,FORMAL ENFORCEMENT ACTION ISSUED,2018,1.9125,CA4410301,3029,-122.0636293,37.04058861,
CA1010035,9111005,STATE PRIMARY MCL VIOL - NOT CR6,"1,2,3-TRICHLOROPROPANE",0.006,UG/L,0.005,UG/L,4/1/18,6/30/18,9511008,5/18/18,CA STATE ACTION ISSUED,2018,1.2,CA1010035,1500,-119.592889,36.6588292,
CA1010035,9111006,STATE PRIMARY MCL VIOL - NOT CR6,"1,2,3-TRICHLOROPROPANE",0.006,UG/L,0.005,UG/L,4/1/18,6/30/18,9511008,5/18/18,CA STATE ACTION ISSUED,2018,1.2,CA1010035,1500,-119.592889,36.6588292,
CA4410301,1205029,"MCL, LRAA",TTHM,0.178,MG/L,0.08,MG/L,10/1/18,12/31/18,1205016,2/16/18,FORMAL ENFORCEMENT ACTION ISSUED,2018,2.225,CA4410301,3029,-122.0636293,37.04058861,
CA5200550,1600014,"MCL, SINGLE SAMPLE",ARSENIC,19,UG/L, ,,7/1/18,9/30/18,1300006,1/21/09,FORMAL ENFORCEMENT ACTION ISSUED,2018,unk,CA5200550,125,-122.1020584,40.03539449,
CA1000054,1223017,"MCL, LRAA",TTHM,0.098,MG/L,0.08,MG/L,1/1/19,3/31/19,1323013,5/30/17,FORMAL ENFORCEMENT ACTION ISSUED,2019,1.225,CA1000054,375,-120.4443022,36.80142504,
CA1510801,9512003,STATE PRIMARY MCL VIOL - NOT CR6,"1,2,3-TRICHLOROPROPANE",0.000011,MG/L,0.000005,MG/L,7/1/18,9/30/18,9512006,5/25/18,CA STATE ACTION ISSUED,2018,2.2,CA1510801,4857,-119.4086189,35.59181622,
CA4410301,1205026,"MCL, LRAA",TTHM,0.153,MG/L,0.08,MG/L,1/1/18,3/31/18,1205016,2/16/18,FORMAL ENFORCEMENT ACTION ISSUED,2018,1.9125,CA4410301,3029,-122.0636293,37.04058861,
CA1000054,1223013,"MCL, LRAA",TTHM,0.096,MG/L,0.08,MG/L,1/1/18,3/31/18,1323013,5/30/17,FORMAL ENFORCEMENT ACTION ISSUED,2018,1.2,CA1000054,375,-120.4443022,36.80142504,
CA1510801,9512002,STATE PRIMARY MCL VIOL - NOT CR6,"1,2,3-TRICHLOROPROPANE",0.00001,MG/L,0.000005,MG/L,4/1/18,6/30/18,9512006,5/25/18,CA STATE ACTION ISSUED,2018,2,CA1510801,4857,-119.4086189,35.59181622,
CA4410301,1205027,"MCL, LRAA",TTHM,0.153,MG/L,0.08,MG/L,4/1/18,6/30/18,1205016,2/16/18,FORMAL ENFORCEMENT ACTION ISSUED,2018,1.9125,CA4410301,3029,-122.0636293,37.04058861,
CA1500493,9619030,"MCL, AVERAGE",ARSENIC,0.022,MG/L,0.01,MG/L,1/1/19,3/31/19,9619006,5/27/15,FORMAL ENFORCEMENT ACTION ISSUED,2019,2.2,CA1500493,200,-118.9637827,35.24606019,
CA1500493,9619027,"MCL, AVERAGE",ARSENIC,0.021,MG/L,0.01,MG/L,4/1/18,6/30/18,9619006,5/27/15,FORMAL ENFORCEMENT ACTION ISSUED,2018,2.1,CA1500493,200,-118.9637827,35.24606019,
CA1000112,9900035,"MCL, AVERAGE",NITRATE,16,MG/L,10,MG/L,10/1/18,12/31/18,923346,5/19/09,FORMAL ENFORCEMENT ACTION ISSUED,2018,1.6,CA1000112,483,-119.5662416,36.78012706,
CA1000112,9900033,"MCL, SINGLE SAMPLE",NITRATE,16,MG/L,10,MG/L,7/1/18,9/30/18,923346,5/19/09,FORMAL ENFORCEMENT ACTION ISSUED,2018,1.6,CA1000112,483,-119.5662416,36.78012706,
CA3710702,9914019,"MCL, LRAA",TTHM,0.081,MG/L,0.08,MG/L,1/1/18,3/31/18,9714023,4/17/18,RETURN TO COMPLIANCE,2018,1.0125,CA3710702,60758,-117.3668278,33.31513599,
CA1000112,9900032,"MCL, SINGLE SAMPLE",NITRATE,16,MG/L,10,MG/L,4/1/18,6/30/18,923346,5/19/09,FORMAL ENFORCEMENT ACTION ISSUED,2018,1.6,CA1000112,483,-119.5662416,36.78012706,
CA3710702,9914019,"MCL, LRAA",TTHM,0.081,MG/L,0.08,MG/L,1/1/18,3/31/18,9714022,1/29/18,INFORMAL ENFORCEMENT ACTION ISSUED,2018,1.0125,CA3710702,60758,-117.3668278,33.31513599,
CA1000112,9900031,"MCL, SINGLE SAMPLE",NITRATE,16,MG/L,10,MG/L,1/1/18,3/31/18,923346,5/19/09,FORMAL ENFORCEMENT ACTION ISSUED,2018,1.6,CA1000112,483,-119.5662416,36.78012706,
CA1000112,9900036,"MCL, AVERAGE",NITRATE,15.8,MG/L,10,MG/L,1/1/19,3/31/19,923346,5/19/09,FORMAL ENFORCEMENT ACTION ISSUED,2019,1.58,CA1000112,483,-119.5662416,36.78012706,
CA1510016,9912036,"MCL, AVERAGE",ARSENIC,0.018,MG/L,0.01,MG/L,10/1/18,12/31/18,9919018,3/10/15,FORMAL ENFORCEMENT ACTION ISSUED,2018,1.8,CA1510016,450,-117.6332628,35.37208514,OUT-OF-COMPLIANCE
CA1510016,9912034,"MCL, AVERAGE",ARSENIC,0.018,MG/L,0.01,MG/L,4/1/18,6/30/18,9919018,3/10/15,FORMAL ENFORCEMENT ACTION ISSUED,2018,1.8,CA1510016,450,-117.6332628,35.37208514,OUT-OF-COMPLIANCE
CA1000054,1223014,"MCL, LRAA",TTHM,0.095,MG/L,0.08,MG/L,4/1/18,6/30/18,1323013,5/30/17,FORMAL ENFORCEMENT ACTION ISSUED,2018,1.1875,CA1000054,375,-120.4443022,36.80142504,
CA1510019,9912017,STATE PRIMARY MCL VIOL - NOT CR6,"1,2,3-TRICHLOROPROPANE",0.000066,MG/L,0.000005,MG/L,7/1/18,9/30/18,9912023,4/25/18,CA STATE ACTION ISSUED,2018,13.2,CA1510019,19100,-119.2313188,35.48779035,
CA1000054,1223016,"MCL, LRAA",TTHM,0.095,MG/L,0.08,MG/L,10/1/18,12/31/18,1323013,5/30/17,FORMAL ENFORCEMENT ACTION ISSUED,2018,1.1875,CA1000054,375,-120.4443022,36.80142504,
CA1510019,9912016,STATE PRIMARY MCL VIOL - NOT CR6,"1,2,3-TRICHLOROPROPANE",0.00005,MG/L,0.000005,MG/L,4/1/18,6/30/18,9912023,4/25/18,CA STATE ACTION ISSUED,2018,10,CA1510019,19100,-119.2313188,35.48779035,
CA1000054,1223015,"MCL, LRAA",TTHM,0.095,MG/L,0.08,MG/L,7/1/18,9/30/18,1323013,5/30/17,FORMAL ENFORCEMENT ACTION ISSUED,2018,1.1875,CA1000054,375,-120.4443022,36.80142504,
CA1510019,9912012,STATE PRIMARY MCL VIOL - NOT CR6,"1,2,3-TRICHLOROPROPANE",0.000018,MG/L,0.000005,MG/L,1/1/18,3/31/18,9912023,4/25/18,CA STATE ACTION ISSUED,2018,3.6,CA1510019,19100,-119.2313188,35.48779035,
CA1510016,9912035,"MCL, AVERAGE",ARSENIC,0.019,MG/L,0.01,MG/L,7/1/18,9/30/18,9919018,3/10/15,FORMAL ENFORCEMENT ACTION ISSUED,2018,1.9,CA1510016,450,-117.6332628,35.37208514,OUT-OF-COMPLIANCE
CA1000112,9900030,STATE PRIMARY MCL VIOL - NOT CR6,"1,2,3-TRICHLOROPROPANE",0.008,UG/L,0.005,UG/L,1/1/18,3/31/18,9900276,4/23/18,CA STATE ACTION ISSUED,2018,1.6,CA1000112,483,-119.5662416,36.78012706,
CA1000053,9600028,"MCL, AVERAGE",ARSENIC,0.0205,MG/L,0.01,MG/L,7/1/18,9/30/18,9600108,2/22/19,RETURN TO COMPLIANCE,2018,2.05,CA1000053,660,-119.930992,36.43291614,
CA1000053,9600027,"MCL, AVERAGE",ARSENIC,0.02,MG/L,0.01,MG/L,4/1/18,6/30/18,923296,5/18/09,FORMAL ENFORCEMENT ACTION ISSUED,2018,2,CA1000053,660,-119.930992,36.43291614,
CA2700799,9700019,"MCL, AVERAGE",ARSENIC,0.014,MG/L,0.01,MG/L,1/1/18,3/31/18,1606157,10/1/15,OTHER INFORMAL ENFORCEMENT ACTION TAKEN,2018,1.4,CA2700799,87,-121.700919,36.52263575,
CA1000053,9600026,"MCL, AVERAGE",ARSENIC,0.02,MG/L,0.01,MG/L,1/1/18,3/31/18,923296,5/18/09,FORMAL ENFORCEMENT ACTION ISSUED,2018,2,CA1000053,660,-119.930992,36.43291614,
CA1510023,9812024,"MCL, SINGLE SAMPLE",NITRATE,14,MG/L,10,MG/L,10/1/18,12/31/18,9819015,12/2/16,FORMAL ENFORCEMENT ACTION ISSUED,2018,1.4,CA1510023,1103,-119.0010553,34.81555136,
CA2700799,9700019,"MCL, AVERAGE",ARSENIC,0.014,MG/L,0.01,MG/L,1/1/18,3/31/18,1606156,10/1/15,FORMAL ENFORCEMENT ACTION ISSUED,2018,1.4,CA2700799,87,-121.700919,36.52263575,
CA1510023,9812022,"MCL, SINGLE SAMPLE",NITRATE,13,MG/L,10,MG/L,7/1/18,9/30/18,9819015,12/2/16,FORMAL ENFORCEMENT ACTION ISSUED,2018,1.3,CA1510023,1103,-119.0010553,34.81555136,
CA2700799,9700022,"MCL, AVERAGE",ARSENIC,0.015,MG/L,0.01,MG/L,7/1/18,9/30/18,1606157,10/1/15,OTHER INFORMAL ENFORCEMENT ACTION TAKEN,2018,1.5,CA2700799,87,-121.700919,36.52263575,
CA2000647,1500138,STATE PRIMARY MCL VIOL - NOT CR6,"1,2,3-TRICHLOROPROPANE", ,, ,,1/1/18,3/31/18,1602951,9/17/18,CA STATE ACTION ISSUED,2018,unk,CA2000647,80,-119.4933139,37.23003019,
CA2700799,9700021,"MCL, AVERAGE",ARSENIC,0.015,MG/L,0.01,MG/L,4/1/18,6/30/18,1606157,10/1/15,OTHER INFORMAL ENFORCEMENT ACTION TAKEN,2018,1.5,CA2700799,87,-121.700919,36.52263575,
CA1500442,9612033,"MCL, AVERAGE",ARSENIC,0.042,MG/L,0.01,MG/L,4/1/18,6/30/18,9719008,9/2/15,FORMAL ENFORCEMENT ACTION ISSUED,2018,4.2,CA1500442,37,-117.9379717,34.92282451,OUT-OF-COMPLIANCE
CA1000053,9600028,"MCL, AVERAGE",ARSENIC,0.0205,MG/L,0.01,MG/L,7/1/18,9/30/18,923296,5/18/09,FORMAL ENFORCEMENT ACTION ISSUED,2018,2.05,CA1000053,660,-119.930992,36.43291614,
CA2700799,9700022,"MCL, AVERAGE",ARSENIC,0.015,MG/L,0.01,MG/L,7/1/18,9/30/18,1606156,10/1/15,FORMAL ENFORCEMENT ACTION ISSUED,2018,1.5,CA2700799,87,-121.700919,36.52263575,
CA1510021,9512009,STATE PRIMARY MCL VIOL - NOT CR6,"1,2,3-TRICHLOROPROPANE",0.000027,MG/L,0.000005,MG/L,7/1/18,9/30/18,9512022,4/23/18,CA STATE ACTION ISSUED,2018,5.4,CA1510021,22690,-119.3668368,35.59369138,
CA2700799,9700021,"MCL, AVERAGE",ARSENIC,0.015,MG/L,0.01,MG/L,4/1/18,6/30/18,1606156,10/1/15,FORMAL ENFORCEMENT ACTION ISSUED,2018,1.5,CA2700799,87,-121.700919,36.52263575,
CA1510021,9512008,STATE PRIMARY MCL VIOL - NOT CR6,"1,2,3-TRICHLOROPROPANE",0.000023,MG/L,0.000005,MG/L,4/1/18,6/30/18,9512022,4/23/18,CA STATE ACTION ISSUED,2018,4.6,CA1510021,22690,-119.3668368,35.59369138,
CA1510021,9512007,STATE PRIMARY MCL VIOL - NOT CR6,"1,2,3-TRICHLOROPROPANE",0.000011,MG/L,0.000005,MG/L,3/1/18,5/31/18,9512022,4/23/18,CA STATE ACTION ISSUED,2018,2.2,CA1510021,22690,-119.3668368,35.59369138,
CA1510023,9812027,"MCL, SINGLE SAMPLE",NITRATE,13,MG/L, ,,1/1/19,3/31/19,9819015,12/2/16,FORMAL ENFORCEMENT ACTION ISSUED,2019,unk,CA1510023,1103,-119.0010553,34.81555136,
CA1500442,9612036,"MCL, AVERAGE",ARSENIC,0.044,MG/L,0.01,MG/L,10/1/18,12/31/18,9719008,9/2/15,FORMAL ENFORCEMENT ACTION ISSUED,2018,4.4,CA1500442,37,-117.9379717,34.92282451,OUT-OF-COMPLIANCE
CA2000647,1500139,STATE PRIMARY MCL VIOL - NOT CR6,"1,2,3-TRICHLOROPROPANE", ,, ,,1/1/18,3/31/18,1602978,3/28/19,RETURN TO COMPLIANCE,2018,unk,CA2000647,80,-119.4933139,37.23003019,
CA2000647,1500138,STATE PRIMARY MCL VIOL - NOT CR6,"1,2,3-TRICHLOROPROPANE", ,, ,,1/1/18,3/31/18,1602978,3/28/19,RETURN TO COMPLIANCE,2018,unk,CA2000647,80,-119.4933139,37.23003019,
CA1000053,9600027,"MCL, AVERAGE",ARSENIC,0.02,MG/L,0.01,MG/L,4/1/18,6/30/18,9600108,2/22/19,RETURN TO COMPLIANCE,2018,2,CA1000053,660,-119.930992,36.43291614,
CA3301491,9700011,"MCL, AVERAGE",COMBINED URANIUM,37,PCI/L,20,PCI/L,1/1/18,3/31/18,9701847,4/3/18,FORMAL ENFORCEMENT ACTION ISSUED,2018,1.85,CA3301491,198,-116.4659599,33.59577923,
CA2000647,1500139,STATE PRIMARY MCL VIOL - NOT CR6,"1,2,3-TRICHLOROPROPANE", ,, ,,1/1/18,3/31/18,1602951,9/17/18,CA STATE ACTION ISSUED,2018,unk,CA2000647,80,-119.4933139,37.23003019,
CA1500442,9612032,"MCL, AVERAGE",ARSENIC,0.042,MG/L,0.01,MG/L,1/1/18,3/31/18,9719008,9/2/15,FORMAL ENFORCEMENT ACTION ISSUED,2018,4.2,CA1500442,37,-117.9379717,34.92282451,OUT-OF-COMPLIANCE
CA1000053,9600026,"MCL, AVERAGE",ARSENIC,0.02,MG/L,0.01,MG/L,1/1/18,3/31/18,9600108,2/22/19,RETURN TO COMPLIANCE,2018,2,CA1000053,660,-119.930992,36.43291614,
CA1500442,9612034,"MCL, AVERAGE",ARSENIC,0.042,MG/L,0.01,MG/L,7/1/18,9/30/18,9719008,9/2/15,FORMAL ENFORCEMENT ACTION ISSUED,2018,4.2,CA1500442,37,-117.9379717,34.92282451,OUT-OF-COMPLIANCE
CA3301491,9700015,"MCL, AVERAGE",COMBINED URANIUM,35,PCI/L,20,PCI/L,10/1/18,12/31/18,9701847,4/3/18,FORMAL ENFORCEMENT ACTION ISSUED,2018,1.75,CA3301491,198,-116.4659599,33.59577923,
CA3301491,9700012,"MCL, AVERAGE",COMBINED URANIUM,33,PCI/L,20,PCI/L,4/1/18,6/30/18,9701847,4/3/18,FORMAL ENFORCEMENT ACTION ISSUED,2018,1.65,CA3301491,198,-116.4659599,33.59577923,
CA3301491,9700013,"MCL, AVERAGE",COMBINED URANIUM,31,PCI/L,20,PCI/L,7/1/18,9/30/18,9701847,4/3/18,FORMAL ENFORCEMENT ACTION ISSUED,2018,1.55,CA3301491,198,-116.4659599,33.59577923,
CA3301491,9700016,"MCL, AVERAGE",COMBINED URANIUM,29,PCI/L,20,PCI/L,1/1/19,3/31/19,9701847,4/3/18,FORMAL ENFORCEMENT ACTION ISSUED,2019,1.45,CA3301491,198,-116.4659599,33.59577923,
CA1510016,9912033,"MCL, AVERAGE",ARSENIC,0.02,MG/L,0.01,MG/L,1/1/18,3/31/18,9919018,3/10/15,FORMAL ENFORCEMENT ACTION ISSUED,2018,2,CA1510016,450,-117.6332628,35.37208514,OUT-OF-COMPLIANCE
CA1000204,9800018,"MCL, AVERAGE",COMBINED URANIUM,22.5,PCI/L,20,PCI/L,1/1/19,3/31/19,9800251,3/21/16,FORMAL ENFORCEMENT ACTION ISSUED,2019,1.125,CA1000204,250,-119.8423749,36.63318072,
CA1000206,9800007,STATE PRIMARY MCL VIOL - NOT CR6,"1,2,3-TRICHLOROPROPANE",0.085,UG/L,0.005,UG/L,1/1/18,3/31/18,9800257,3/21/18,CA STATE ACTION ISSUED,2018,17,CA1000206,310,-119.9507374,36.72684954,
CA1510024,9512029,"MCL, AVERAGE",ARSENIC,0.011,MG/L,0.01,MG/L,10/1/18,12/31/18,9512006,5/28/15,FORMAL ENFORCEMENT ACTION ISSUED,2018,1.1,CA1510024,10131,-119.0102207,35.27707234,
CA1009258,1223030,"MCL, LRAA",TTHM,0.081,MG/L,0.08,MG/L,7/1/18,9/30/18,1023009,10/31/18,FORMAL ENFORCEMENT ACTION ISSUED,2018,1.0125,CA1009258,50,-120.2569194,36.46526001,
CA1500458,9612046,"MCL, SINGLE SAMPLE",NITRATE,12,MG/L, ,,1/1/19,3/31/19,9619007,11/19/13,FORMAL ENFORCEMENT ACTION ISSUED,2019,unk,CA1500458,67,-118.4554829,35.71190082,OUT-OF-COMPLIANCE
CA1500458,9612047,"MCL, AVERAGE",COMBINED URANIUM,31,PCI/L, ,,1/1/19,3/31/19,419009,8/13/03,FORMAL ENFORCEMENT ACTION ISSUED,2019,unk,CA1500458,67,-118.4554829,35.71190082,OUT-OF-COMPLIANCE
CA1500458,9612043,"MCL, AVERAGE",COMBINED URANIUM,34,PCI/L,20,PCI/L,7/1/18,9/30/18,419009,8/13/03,FORMAL ENFORCEMENT ACTION ISSUED,2018,1.7,CA1500458,67,-118.4554829,35.71190082,OUT-OF-COMPLIANCE
CA1500458,9612037,"MCL, AVERAGE",COMBINED URANIUM,34,PCI/L,20,PCI/L,1/1/18,3/31/18,419009,8/13/03,FORMAL ENFORCEMENT ACTION ISSUED,2018,1.7,CA1500458,67,-118.4554829,35.71190082,OUT-OF-COMPLIANCE
CA2000729,900043,"MCL, AVERAGE",TTHM,0.083,MG/L,0.08,MG/L,4/1/18,6/30/18,901022,6/5/18,FORMAL ENFORCEMENT ACTION WITH PENALTY ISSUED,2018,1.0375,CA2000729,135,-119.7514628,36.95311155,
CA1500458,9612041,"MCL, AVERAGE",COMBINED URANIUM,33,PCI/L,20,PCI/L,4/1/18,6/30/18,419009,8/13/03,FORMAL ENFORCEMENT ACTION ISSUED,2018,1.65,CA1500458,67,-118.4554829,35.71190082,OUT-OF-COMPLIANCE
CA1500458,9612045,"MCL, AVERAGE",COMBINED URANIUM,33,PCI/L,20,PCI/L,10/1/18,12/31/18,419009,8/13/03,FORMAL ENFORCEMENT ACTION ISSUED,2018,1.65,CA1500458,67,-118.4554829,35.71190082,OUT-OF-COMPLIANCE
CA5410050,1212058,"MCL, AVERAGE",ARSENIC,0.013,MG/L,0.01,MG/L,7/1/18,9/30/18,1212012,5/8/15,FORMAL ENFORCEMENT ACTION ISSUED,2018,1.3,CA5410050,1026,-119.4872959,35.8877284,
CA1510024,9512028,"MCL, AVERAGE",ARSENIC,0.011,MG/L,0.01,MG/L,7/1/18,9/30/18,9512006,5/28/15,FORMAL ENFORCEMENT ACTION ISSUED,2018,1.1,CA1510024,10131,-119.0102207,35.27707234,
CA2000729,900042,"MCL, AVERAGE",TTHM,94,UG/L,80,UG/L,1/1/18,3/31/18,3,12/1/14,FORMAL ENFORCEMENT ACTION ISSUED,2018,1.175,CA2000729,135,-119.7514628,36.95311155,
CA5410050,1212060,"MCL, AVERAGE",ARSENIC,0.011,MG/L,0.01,MG/L,10/1/18,12/31/18,1212012,5/8/15,FORMAL ENFORCEMENT ACTION ISSUED,2018,1.1,CA5410050,1026,-119.4872959,35.8877284,
CA3303100,1700022,"MCL, AVERAGE",ARSENIC,0.013,MG/L,0.01,MG/L,1/1/19,3/31/19,1603958,3/29/16,FORMAL ENFORCEMENT ACTION ISSUED,2019,1.3,CA3303100,314,-116.1524338,33.54925901,
CA3303100,1700017,"MCL, AVERAGE",ARSENIC,0.013,MG/L,0.01,MG/L,1/1/18,3/31/18,1603958,3/29/16,FORMAL ENFORCEMENT ACTION ISSUED,2018,1.3,CA3303100,314,-116.1524338,33.54925901,
CA3303100,1700019,"MCL, AVERAGE",ARSENIC,0.013,MG/L,0.01,MG/L,4/1/18,6/30/18,1603958,3/29/16,FORMAL ENFORCEMENT ACTION ISSUED,2018,1.3,CA3303100,314,-116.1524338,33.54925901,
CA3303100,1700021,"MCL, AVERAGE",ARSENIC,0.012,MG/L,0.01,MG/L,10/1/18,12/31/18,1603958,3/29/16,FORMAL ENFORCEMENT ACTION ISSUED,2018,1.2,CA3303100,314,-116.1524338,33.54925901,
CA3303100,1700020,"MCL, AVERAGE",ARSENIC,0.012,MG/L,0.01,MG/L,7/1/18,9/30/18,1603958,3/29/16,FORMAL ENFORCEMENT ACTION ISSUED,2018,1.2,CA3303100,314,-116.1524338,33.54925901,
CA1000199,812009,STATE PRIMARY MCL VIOL - NOT CR6,"1,2,3-TRICHLOROPROPANE",0.01,UG/L,0.005,UG/L,4/1/18,6/30/18,1323010,5/14/18,CA STATE ACTION ISSUED,2018,2,CA1000199,46,-119.6377515,36.63479394,
CA1500455,9912025,"MCL, AVERAGE",ARSENIC,0.021,MG/L,0.01,MG/L,1/1/18,3/31/18,9819003,11/6/17,FORMAL ENFORCEMENT ACTION ISSUED,2018,2.1,CA1500455,56,-118.2550084,34.9388284,
CA1000204,9800013,STATE PRIMARY MCL VIOL - NOT CR6,"1,2,3-TRICHLOROPROPANE",0.014,UG/L,0.005,UG/L,1/1/18,3/31/18,9800254,3/21/18,CA STATE ACTION ISSUED,2018,2.8,CA1000204,250,-119.8423749,36.63318072,
CA1500455,9912027,"MCL, AVERAGE",ARSENIC,0.021,MG/L,0.01,MG/L,7/1/18,9/30/18,9819003,11/6/17,FORMAL ENFORCEMENT ACTION ISSUED,2018,2.1,CA1500455,56,-118.2550084,34.9388284,
CA1000204,9800015,"MCL, AVERAGE",COMBINED URANIUM,33.3,PCI/L,20,PCI/L,4/1/18,6/30/18,9800251,3/21/16,FORMAL ENFORCEMENT ACTION ISSUED,2018,1.665,CA1000204,250,-119.8423749,36.63318072,
CA1500455,9912028,"MCL, AVERAGE",ARSENIC,0.021,MG/L,0.01,MG/L,10/1/18,12/31/18,9819003,11/6/17,FORMAL ENFORCEMENT ACTION ISSUED,2018,2.1,CA1500455,56,-118.2550084,34.9388284,
CA1000204,9800014,"MCL, AVERAGE",COMBINED URANIUM,32.2,PCI/L,20,PCI/L,1/1/18,3/31/18,9800251,3/21/16,FORMAL ENFORCEMENT ACTION ISSUED,2018,1.61,CA1000204,250,-119.8423749,36.63318072,
CA1500455,9912026,"MCL, AVERAGE",ARSENIC,0.021,MG/L,0.01,MG/L,4/1/18,6/30/18,9819003,11/6/17,FORMAL ENFORCEMENT ACTION ISSUED,2018,2.1,CA1500455,56,-118.2550084,34.9388284,
CA3301577,9600005,STATE PRIMARY MCL VIOL - NOT CR6,"1,2,3-TRICHLOROPROPANE",0.0125,UG/L,0.005,UG/L,1/1/19,3/31/19,9601622,8/21/18,FORMAL ENFORCEMENT ACTION ISSUED,2019,2.5,CA3301577,700,-114.6579047,33.52472272,
CA1000204,9800017,"MCL, AVERAGE",COMBINED URANIUM,28.5,PCI/L,20,PCI/L,10/1/18,12/31/18,9800251,3/21/16,FORMAL ENFORCEMENT ACTION ISSUED,2018,1.425,CA1000204,250,-119.8423749,36.63318072,
CA3301577,9600004,STATE PRIMARY MCL VIOL - NOT CR6,"1,2,3-TRICHLOROPROPANE",0.012,UG/L,0.005,UG/L,10/1/18,12/31/18,9601622,8/21/18,FORMAL ENFORCEMENT ACTION ISSUED,2018,2.4,CA3301577,700,-114.6579047,33.52472272,
CA1000204,9800016,"MCL, AVERAGE",COMBINED URANIUM,28.5,PCI/L,20,PCI/L,7/1/18,9/30/18,9800251,3/21/16,FORMAL ENFORCEMENT ACTION ISSUED,2018,1.425,CA1000204,250,-119.8423749,36.63318072,
CA3301577,9600003,STATE PRIMARY MCL VIOL - NOT CR6,"1,2,3-TRICHLOROPROPANE",0.009,UG/L,0.005,UG/L,7/1/18,9/30/18,9601622,8/21/18,FORMAL ENFORCEMENT ACTION ISSUED,2018,1.8,CA3301577,700,-114.6579047,33.52472272,
CA3301577,9600002,STATE PRIMARY MCL VIOL - NOT CR6,"1,2,3-TRICHLOROPROPANE",0.006,UG/L,0.005,UG/L,4/1/18,6/30/18,9601622,8/21/18,FORMAL ENFORCEMENT ACTION ISSUED,2018,1.2,CA3301577,700,-114.6579047,33.52472272,
CA1500455,9912029,"MCL, AVERAGE",ARSENIC,0.021,MG/L, ,,1/1/19,3/31/19,9819003,11/6/17,FORMAL ENFORCEMENT ACTION ISSUED,2019,unk,CA1500455,56,-118.2550084,34.9388284,
CA1000180,600008,STATE PRIMARY MCL VIOL - NOT CR6,"1,2,3-TRICHLOROPROPANE",0.013,UG/L,0.005,UG/L,1/1/18,3/31/18,9700260,3/21/18,CA STATE ACTION ISSUED,2018,2.6,CA1000180,390,-119.3982532,36.6102434,
CA1000187,1023014,STATE PRIMARY MCL VIOL - NOT CR6,"1,2,3-TRICHLOROPROPANE",0.006,UG/L,0.005,UG/L,4/1/18,6/30/18,1123393,6/7/18,CA STATE ACTION ISSUED,2018,1.2,CA1000187,511,-119.5827909,36.59153524,
CA3310019,9920005,"MCL, LRAA",TTHM,0.0871,MG/L,0.08,MG/L,4/1/18,6/30/18,9520002,7/9/18,FORMAL ENFORCEMENT ACTION ISSUED,2018,1.08875,CA3310019,2500,-116.7243505,33.74535912,
CA1000196,9900006,STATE PRIMARY MCL VIOL - NOT CR6,"1,2,3-TRICHLOROPROPANE",0.033,UG/L,0.005,UG/L,1/1/18,3/31/18,9700261,4/30/18,CA STATE ACTION ISSUED,2018,6.6,CA1000196,469,-119.4829858,36.60912696,
CA2000729,900052,"MCL, AVERAGE",TTHM,0.131,MG/L,0.08,MG/L,1/1/19,3/31/19,901022,6/5/18,FORMAL ENFORCEMENT ACTION WITH PENALTY ISSUED,2019,1.6375,CA2000729,135,-119.7514628,36.95311155,
CA3310019,9920005,"MCL, LRAA",TTHM,0.0871,MG/L,0.08,MG/L,4/1/18,6/30/18,9520003,9/10/18,RETURN TO COMPLIANCE,2018,1.08875,CA3310019,2500,-116.7243505,33.74535912,
CA1000199,812008,STATE PRIMARY MCL VIOL - NOT CR6,"1,2,3-TRICHLOROPROPANE",0.017,UG/L,0.005,UG/L,1/1/18,3/31/18,1323010,5/14/18,CA STATE ACTION ISSUED,2018,3.4,CA1000199,46,-119.6377515,36.63479394,
CA1510023,9812020,"MCL, SINGLE SAMPLE",NITRATE,11,MG/L,10,MG/L,4/1/18,6/30/18,9819015,12/2/16,FORMAL ENFORCEMENT ACTION ISSUED,2018,1.1,CA1510023,1103,-119.0010553,34.81555136,
CA3301529,9900023,"MCL, SINGLE SAMPLE",NITRATE,12,MG/L, ,,1/1/18,3/31/18,1103394,2/1/11,FORMAL ENFORCEMENT ACTION ISSUED,2018,unk,CA3301529,250,-116.6272267,33.54801966,
CA1000019,9800038,"MCL, LRAA",TTHM,0.12,MG/L,0.08,MG/L,1/1/18,3/31/18,9800163,11/7/14,FORMAL ENFORCEMENT ACTION ISSUED,2018,1.5,CA1000019,185,-120.3906521,36.50207337,
CA1000019,9800038,"MCL, LRAA",TTHM,0.12,MG/L,0.08,MG/L,1/1/18,3/31/18,9800171,12/5/19,FORMAL ENFORCEMENT ACTION ISSUED,2018,1.5,CA1000019,185,-120.3906521,36.50207337,
CA5410050,1212056,"MCL, AVERAGE",ARSENIC,0.016,MG/L,0.01,MG/L,1/1/18,3/31/18,1212012,5/8/15,FORMAL ENFORCEMENT ACTION ISSUED,2018,1.6,CA5410050,1026,-119.4872959,35.8877284,
CA5410050,1212057,"MCL, AVERAGE",ARSENIC,0.015,MG/L,0.01,MG/L,4/1/18,6/30/18,1212012,5/8/15,FORMAL ENFORCEMENT ACTION ISSUED,2018,1.5,CA5410050,1026,-119.4872959,35.8877284,
CA1510024,9512027,"MCL, AVERAGE",ARSENIC,0.012,MG/L,0.01,MG/L,4/1/18,6/30/18,9512006,5/28/15,FORMAL ENFORCEMENT ACTION ISSUED,2018,1.2,CA1510024,10131,-119.0102207,35.27707234,
CA1510024,9512026,"MCL, AVERAGE",ARSENIC,0.012,MG/L,0.01,MG/L,1/1/18,3/31/18,9512006,5/28/15,FORMAL ENFORCEMENT ACTION ISSUED,2018,1.2,CA1510024,10131,-119.0102207,35.27707234,
CA1500424,9712030,"MCL, AVERAGE",ARSENIC,0.018,MG/L,0.01,MG/L,7/1/18,9/30/18,9719008,12/14/15,FORMAL ENFORCEMENT ACTION ISSUED,2018,1.8,CA1500424,171,-118.1684616,34.85804657,OUT-OF-COMPLIANCE
CA2000729,900048,"MCL, AVERAGE",TTHM,0.105,MG/L,0.08,MG/L,7/1/18,9/30/18,901022,6/5/18,FORMAL ENFORCEMENT ACTION WITH PENALTY ISSUED,2018,1.3125,CA2000729,135,-119.7514628,36.95311155,
CA3701010,1705364,"MCL, AVERAGE",ARSENIC,0.0189,MG/L,0.005,MG/L,1/1/18,3/31/18,1606137,3/11/16,FORMAL ENFORCEMENT ACTION ISSUED,2018,3.78,CA3701010,250,-116.6422011,33.27391665,
CA2000729,900050,"MCL, AVERAGE",TTHM,0.103,MG/L,0.08,MG/L,10/1/18,12/31/18,901022,6/5/18,FORMAL ENFORCEMENT ACTION WITH PENALTY ISSUED,2018,1.2875,CA2000729,135,-119.7514628,36.95311155,
CA3701010,1705365,"MCL, AVERAGE",ARSENIC,0.0166,MG/L,0.005,MG/L,4/1/18,6/30/18,1606137,3/11/16,FORMAL ENFORCEMENT ACTION ISSUED,2018,3.32,CA3701010,250,-116.6422011,33.27391665,
CA1000023,712003,STATE PRIMARY MCL VIOL - NOT CR6,"1,2,3-TRICHLOROPROPANE",0.015,UG/L,0.005,UG/L,1/1/18,3/31/18,1323003,3/22/18,CA STATE ACTION ISSUED,2018,3,CA1000023,115,-119.6356936,36.74848526,
CA4400665,1100011,STATE PRIMARY MCL VIOL - NOT CR6,"1,2,3-TRICHLOROPROPANE", ,, ,,4/1/18,6/30/18,1000691,12/19/18,FORMAL ENFORCEMENT ACTION ISSUED,2018,unk,CA4400665,42,-121.7869366,37.00156168,
CA4400665,1100012,STATE PRIMARY MCL VIOL - NOT CR6,"1,2,3-TRICHLOROPROPANE", ,, ,,7/1/18,9/30/18,1000691,12/19/18,FORMAL ENFORCEMENT ACTION ISSUED,2018,unk,CA4400665,42,-121.7869366,37.00156168,
CA3301529,9900026,"MCL, SINGLE SAMPLE",NITRATE,12,MG/L,10,MG/L,7/1/18,9/30/18,1103394,2/1/11,FORMAL ENFORCEMENT ACTION ISSUED,2018,1.2,CA3301529,250,-116.6272267,33.54801966,
CA4400665,1100010,STATE PRIMARY MCL VIOL - NOT CR6,"1,2,3-TRICHLOROPROPANE", ,, ,,1/1/18,3/31/18,1000691,12/19/18,FORMAL ENFORCEMENT ACTION ISSUED,2018,unk,CA4400665,42,-121.7869366,37.00156168,
CA3301529,9900027,"MCL, SINGLE SAMPLE",NITRATE,12,MG/L,10,MG/L,10/1/18,12/31/18,1103394,2/1/11,FORMAL ENFORCEMENT ACTION ISSUED,2018,1.2,CA3301529,250,-116.6272267,33.54801966,
CA1000019,9800039,"MCL, LRAA",TTHM,0.14,MG/L,0.08,MG/L,4/1/18,6/30/18,9800163,11/7/14,FORMAL ENFORCEMENT ACTION ISSUED,2018,1.75,CA1000019,185,-120.3906521,36.50207337,
CA1510005,9812007,STATE PRIMARY MCL VIOL - NOT CR6,"1,2,3-TRICHLOROPROPANE",0.000008,MG/L,0.000005,MG/L,7/1/18,9/30/18,9812010,7/13/18,CA STATE ACTION ISSUED,2018,1.6,CA1510005,56623,-119.2447171,35.76316725,
CA5700623,1600009,"MCL, AVERAGE",NITRATE,11.8,MG/L,10,MG/L,4/1/19,6/30/19,200510,4/18/19,FORMAL ENFORCEMENT ACTION ISSUED,2019,1.18,CA5700623,65,-121.8411325,38.5475034,
CA1000019,9800039,"MCL, LRAA",TTHM,0.14,MG/L,0.08,MG/L,4/1/18,6/30/18,9800171,12/5/19,FORMAL ENFORCEMENT ACTION ISSUED,2018,1.75,CA1000019,185,-120.3906521,36.50207337,
CA1510005,9812006,STATE PRIMARY MCL VIOL - NOT CR6,"1,2,3-TRICHLOROPROPANE",0.000007,MG/L,0.000005,MG/L,4/1/18,6/30/18,9812010,7/13/18,CA STATE ACTION ISSUED,2018,1.4,CA1510005,56623,-119.2447171,35.76316725,
CA1009051,9600018,"MCL, AVERAGE",ARSENIC,0.034,MG/L,0.01,MG/L,4/1/18,6/30/18,9600024,10/7/14,FORMAL ENFORCEMENT ACTION ISSUED,2018,3.4,CA1009051,50,-120.3148644,36.5029397,
CA1510006,9712006,STATE PRIMARY MCL VIOL - NOT CR6,"1,2,3-TRICHLOROPROPANE",0.000018,MG/L,0.000005,MG/L,10/1/18,12/31/18,9712008,8/2/18,CA STATE ACTION ISSUED,2018,3.6,CA1510006,31772,-118.9232508,35.37005338,
CA1510006,9712005,STATE PRIMARY MCL VIOL - NOT CR6,"1,2,3-TRICHLOROPROPANE",0.000018,MG/L,0.000005,MG/L,7/1/18,9/30/18,9712008,8/2/18,CA STATE ACTION ISSUED,2018,3.6,CA1510006,31772,-118.9232508,35.37005338,
CA1009051,9600018,"MCL, AVERAGE",ARSENIC,0.034,MG/L,0.01,MG/L,4/1/18,6/30/18,9600029,12/17/18,FORMAL ENFORCEMENT ACTION ISSUED,2018,3.4,CA1009051,50,-120.3148644,36.5029397,
CA1500424,9712028,"MCL, AVERAGE",ARSENIC,0.017,MG/L,0.01,MG/L,1/1/18,3/31/18,9719008,12/14/15,FORMAL ENFORCEMENT ACTION ISSUED,2018,1.7,CA1500424,171,-118.1684616,34.85804657,OUT-OF-COMPLIANCE
CA3301529,9900028,"MCL, SINGLE SAMPLE",NITRATE,11,MG/L,10,MG/L,1/1/19,3/31/19,1103394,2/1/11,FORMAL ENFORCEMENT ACTION ISSUED,2019,1.1,CA3301529,250,-116.6272267,33.54801966,
CA1510006,9712004,STATE PRIMARY MCL VIOL - NOT CR6,"1,2,3-TRICHLOROPROPANE",0.000006,MG/L,0.000005,MG/L,4/1/18,6/30/18,9712008,8/2/18,CA STATE ACTION ISSUED,2018,1.2,CA1510006,31772,-118.9232508,35.37005338,
CA1510012,9512017,STATE PRIMARY MCL VIOL - NOT CR6,"1,2,3-TRICHLOROPROPANE",0.000024,MG/L,0.000005,MG/L,7/1/18,9/30/18,9512008,5/18/18,CA STATE ACTION ISSUED,2018,4.8,CA1510012,19057,-118.9167879,35.24865885,
CA1510012,9512016,STATE PRIMARY MCL VIOL - NOT CR6,"1,2,3-TRICHLOROPROPANE",0.000017,MG/L,0.000005,MG/L,4/1/18,6/30/18,9512008,5/18/18,CA STATE ACTION ISSUED,2018,3.4,CA1510012,19057,-118.9167879,35.24865885,
CA1510012,9512014,STATE PRIMARY MCL VIOL - NOT CR6,"1,2,3-TRICHLOROPROPANE",0.000009,MG/L,0.000005,MG/L,1/1/18,3/31/18,9512008,5/18/18,CA STATE ACTION ISSUED,2018,1.8,CA1510012,19057,-118.9167879,35.24865885,
CA1009051,9600019,"MCL, AVERAGE",ARSENIC,0.031,MG/L,0.01,MG/L,7/1/18,9/30/18,9600024,10/7/14,FORMAL ENFORCEMENT ACTION ISSUED,2018,3.1,CA1009051,50,-120.3148644,36.5029397,
CA1500409,9812025,"MCL, SINGLE SAMPLE",NITRATE,12,MG/L,10,MG/L,1/1/19,3/31/19,9819013,6/24/16,FORMAL ENFORCEMENT ACTION ISSUED,2019,1.2,CA1500409,462,-119.1352481,35.38652508,
CA5610017,4,"MCL, LRAA",TTHM,0.081,MG/L,0.08,MG/L,7/1/18,9/30/18,1206007,8/6/18,FORMAL ENFORCEMENT ACTION ISSUED,2018,1.0125,CA5610017,113478,-119.2249931,34.27836357,
CA1009051,9600017,"MCL, AVERAGE",ARSENIC,0.0345,MG/L,0.01,MG/L,1/1/18,3/31/18,9600024,10/7/14,FORMAL ENFORCEMENT ACTION ISSUED,2018,3.45,CA1009051,50,-120.3148644,36.5029397,
CA5610017,4,"MCL, LRAA",TTHM,0.081,MG/L,0.08,MG/L,7/1/18,9/30/18,1206008,12/31/18,RETURN TO COMPLIANCE,2018,1.0125,CA5610017,113478,-119.2249931,34.27836357,
CA1009051,9600017,"MCL, AVERAGE",ARSENIC,0.0345,MG/L,0.01,MG/L,1/1/18,3/31/18,9600029,12/17/18,FORMAL ENFORCEMENT ACTION ISSUED,2018,3.45,CA1009051,50,-120.3148644,36.5029397,
CA1510002,9919034,"MCL, AVERAGE",ARSENIC,0.041,MG/L,0.01,MG/L,4/1/18,6/30/18,919021,11/21/18,RETURN TO COMPLIANCE,2018,4.1,CA1510002,2253,-117.6533571,35.0047692,
CA1500409,9812022,STATE PRIMARY MCL VIOL - NOT CR6,"1,2,3-TRICHLOROPROPANE",0.000048,MG/L, ,,7/1/18,9/30/18,9819018,2/27/18,CA STATE ACTION ISSUED,2018,unk,CA1500409,462,-119.1352481,35.38652508,
CA1500409,9812021,STATE PRIMARY MCL VIOL - NOT CR6,"1,2,3-TRICHLOROPROPANE",0.000045,MG/L, ,,4/1/18,6/30/18,9819018,2/27/18,CA STATE ACTION ISSUED,2018,unk,CA1500409,462,-119.1352481,35.38652508,
CA1500409,9812018,STATE PRIMARY MCL VIOL - NOT CR6,"1,2,3-TRICHLOROPROPANE",0.00011,MG/L,0.00005,MG/L,1/1/18,3/31/18,9819018,2/27/18,CA STATE ACTION ISSUED,2018,2.2,CA1500409,462,-119.1352481,35.38652508,
CA1500409,9812023,"MCL, SINGLE SAMPLE",NITRATE,13,MG/L,10,MG/L,7/1/18,9/30/18,9819013,6/24/16,FORMAL ENFORCEMENT ACTION ISSUED,2018,1.3,CA1500409,462,-119.1352481,35.38652508,
CA1510002,9919034,"MCL, AVERAGE",ARSENIC,0.041,MG/L,0.01,MG/L,4/1/18,6/30/18,919011,3/10/15,FORMAL ENFORCEMENT ACTION ISSUED,2018,4.1,CA1510002,2253,-117.6533571,35.0047692,
CA1500409,9812024,"MCL, SINGLE SAMPLE",NITRATE,12,MG/L,10,MG/L,10/1/18,12/31/18,9819013,6/24/16,FORMAL ENFORCEMENT ACTION ISSUED,2018,1.2,CA1500409,462,-119.1352481,35.38652508,
CA2000551,1500055,"MCL, AVERAGE",ARSENIC,0.019,MG/L,0.01,MG/L,4/1/18,6/30/18,1502573,7/17/18,FORMAL ENFORCEMENT ACTION ISSUED,2018,1.9,CA2000551,200,-119.5214621,37.29403907,
CA1500424,9712033,"MCL, AVERAGE",ARSENIC,0.017,MG/L, ,,1/1/19,3/31/19,9719011,12/18/18,FORMAL ENFORCEMENT ACTION ISSUED,2019,unk,CA1500424,171,-118.1684616,34.85804657,OUT-OF-COMPLIANCE
CA1510001,9912050,"MCL, AVERAGE",ARSENIC,0.021,MG/L,0.01,MG/L,1/1/19,3/31/19,US EPA#PWS-AOC-2015-6001,9/29/15,US EPA FEDERAL ADMINSTRATIVE ORDER ON CONSENT,2019,2.1,CA1510001,20850,-118.8340739,35.20150254,
CA1009051,9600019,"MCL, AVERAGE",ARSENIC,0.031,MG/L,0.01,MG/L,7/1/18,9/30/18,9600029,12/17/18,FORMAL ENFORCEMENT ACTION ISSUED,2018,3.1,CA1009051,50,-120.3148644,36.5029397,
CA1009051,9600020,"MCL, AVERAGE",ARSENIC,0.0308,MG/L,0.01,MG/L,10/1/18,12/31/18,9600029,12/17/18,FORMAL ENFORCEMENT ACTION ISSUED,2018,3.08,CA1009051,50,-120.3148644,36.5029397,
CA1500424,9712029,"MCL, AVERAGE",ARSENIC,0.019,MG/L,0.01,MG/L,4/1/18,6/30/18,9719008,12/14/15,FORMAL ENFORCEMENT ACTION ISSUED,2018,1.9,CA1500424,171,-118.1684616,34.85804657,OUT-OF-COMPLIANCE
CA1510002,9919036,"MCL, AVERAGE",ARSENIC,0.043,MG/L,0.01,MG/L,7/1/18,9/30/18,919021,11/21/18,RETURN TO COMPLIANCE,2018,4.3,CA1510002,2253,-117.6533571,35.0047692,
CA2000551,1500057,"MCL, AVERAGE",ARSENIC,0.017,MG/L,0.01,MG/L,7/1/18,9/30/18,1502573,7/17/18,FORMAL ENFORCEMENT ACTION ISSUED,2018,1.7,CA2000551,200,-119.5214621,37.29403907,
CA1510002,9919036,"MCL, AVERAGE",ARSENIC,0.043,MG/L,0.01,MG/L,7/1/18,9/30/18,919011,3/10/15,FORMAL ENFORCEMENT ACTION ISSUED,2018,4.3,CA1510002,2253,-117.6533571,35.0047692,
CA1500424,9712032,"MCL, AVERAGE",ARSENIC,0.018,MG/L,0.01,MG/L,10/1/18,12/31/18,9719011,12/18/18,FORMAL ENFORCEMENT ACTION ISSUED,2018,1.8,CA1500424,171,-118.1684616,34.85804657,OUT-OF-COMPLIANCE
CA2000551,1500063,"MCL, AVERAGE",COMBINED URANIUM,120,PCI/L,20,PCI/L,1/1/19,3/31/19,1502573,7/17/18,FORMAL ENFORCEMENT ACTION ISSUED,2019,6,CA2000551,200,-119.5214621,37.29403907,
CA2000551,1500056,"MCL, AVERAGE",COMBINED URANIUM,82.1,PCI/L,20,PCI/L,4/1/18,6/30/18,1502573,7/17/18,FORMAL ENFORCEMENT ACTION ISSUED,2018,4.105,CA2000551,200,-119.5214621,37.29403907,
CA2000551,1500058,"MCL, AVERAGE",COMBINED URANIUM,72.75,PCI/L,20,PCI/L,7/1/18,9/30/18,1502573,7/17/18,FORMAL ENFORCEMENT ACTION ISSUED,2018,3.6375,CA2000551,200,-119.5214621,37.29403907,
CA2000551,1500059,"MCL, AVERAGE",ARSENIC,33,UG/L,10,UG/L,10/1/18,12/31/18,1502573,7/17/18,FORMAL ENFORCEMENT ACTION ISSUED,2018,3.3,CA2000551,200,-119.5214621,37.29403907,
CA2000551,1500061,"MCL, AVERAGE",ARSENIC,29,UG/L,10,UG/L,1/1/19,3/31/19,1502573,7/17/18,FORMAL ENFORCEMENT ACTION ISSUED,2019,2.9,CA2000551,200,-119.5214621,37.29403907,
CA3700897,1705370,"MCL, AVERAGE",COMBINED URANIUM,49.65,PCI/L,30,PCI/L,4/1/18,6/30/18,1606121,6/30/17,FORMAL ENFORCEMENT ACTION ISSUED,2018,1.655,CA3700897,100,-116.5348167,32.82361956,
CA5410503,1212102,"MCL, LRAA",TTHM,0.085,MG/L,0.08,MG/L,1/1/18,3/31/18,9512004,2/11/16,FORMAL ENFORCEMENT ACTION ISSUED,2018,1.0625,CA5410503,2940,-118.7345164,36.59616787,
CA1500409,9812020,"MCL, AVERAGE",ARSENIC,0.011,MG/L,0.01,MG/L,1/1/18,3/31/18,9819017,2/27/18,FORMAL ENFORCEMENT ACTION ISSUED,2018,1.1,CA1500409,462,-119.1352481,35.38652508,
CA1500409,9812020,"MCL, AVERAGE",ARSENIC,0.011,MG/L,0.01,MG/L,1/1/18,3/31/18,9819019,5/1/19,RETURN TO COMPLIANCE,2018,1.1,CA1500409,462,-119.1352481,35.38652508,
CA3700897,1705369,"MCL, AVERAGE",COMBINED URANIUM,41.03,PCI/L,30,PCI/L,1/1/18,3/31/18,1606121,6/30/17,FORMAL ENFORCEMENT ACTION ISSUED,2018,1.367666667,CA3700897,100,-116.5348167,32.82361956,
CA5010007,9910016,STATE PRIMARY MCL VIOL - NOT CR6,"1,2,3-TRICHLOROPROPANE",0.009,UG/L,0.005,UG/L,1/1/19,3/31/19,9810011,6/12/18,FORMAL ENFORCEMENT ACTION ISSUED,2019,1.8,CA5010007,887,-121.2036969,37.5438575,
CA5010007,9910011,STATE PRIMARY MCL VIOL - NOT CR6,"1,2,3-TRICHLOROPROPANE",0.008,UG/L,0.005,UG/L,4/1/18,6/30/18,9810011,6/12/18,FORMAL ENFORCEMENT ACTION ISSUED,2018,1.6,CA5010007,887,-121.2036969,37.5438575,
CA5010008,9810029,"MCL, AVERAGE",ARSENIC,0.0151,MG/L,0.01,MG/L,1/1/19,3/31/19,910024,1/5/09,FORMAL ENFORCEMENT ACTION ISSUED,2019,1.51,CA5010008,6082,-120.8656095,37.60061332,
CA5010008,9810026,"MCL, AVERAGE",ARSENIC,0.015,MG/L,0.01,MG/L,4/1/18,6/30/18,910024,1/5/09,FORMAL ENFORCEMENT ACTION ISSUED,2018,1.5,CA5010008,6082,-120.8656095,37.60061332,
CA5010008,9810027,"MCL, AVERAGE",ARSENIC,0.015,MG/L,0.01,MG/L,7/1/18,9/30/18,910024,1/5/09,FORMAL ENFORCEMENT ACTION ISSUED,2018,1.5,CA5010008,6082,-120.8656095,37.60061332,
CA5010008,9810028,"MCL, AVERAGE",ARSENIC,0.015,MG/L,0.01,MG/L,10/1/18,12/31/18,910024,1/5/09,FORMAL ENFORCEMENT ACTION ISSUED,2018,1.5,CA5010008,6082,-120.8656095,37.60061332,
CA5010008,9810025,STATE PRIMARY MCL VIOL - NOT CR6,"1,2,3-TRICHLOROPROPANE",0.000007,MG/L,0.000005,MG/L,1/1/18,3/31/18,9910005,6/29/18,FORMAL ENFORCEMENT ACTION ISSUED,2018,1.4,CA5010008,6082,-120.8656095,37.60061332,
CA1510013,9712024,STATE PRIMARY MCL VIOL - NOT CR6,"1,2,3-TRICHLOROPROPANE",0.000006,MG/L,0.000005,MG/L,7/1/18,9/30/18,9712026,9/28/18,CA STATE ACTION ISSUED,2018,1.2,CA1510013,15105,-119.2317368,35.67715834,
CA1500436,9919029,"MCL, AVERAGE",ARSENIC,0.064,MG/L,0.01,MG/L,1/1/18,3/31/18,9619009,8/10/18,STATE INTENTIONAL NO ACTION TAKEN,2018,6.4,CA1500436,61,-118.4795726,35.67153053,
CA1500436,9919029,"MCL, AVERAGE",ARSENIC,0.064,MG/L,0.01,MG/L,1/1/18,3/31/18,9619003,4/30/15,FORMAL ENFORCEMENT ACTION ISSUED,2018,6.4,CA1500436,61,-118.4795726,35.67153053,
CA1500442,9612037,"MCL, AVERAGE",ARSENIC,0.045,MG/L, ,,1/1/19,3/31/19,9719008,9/2/15,FORMAL ENFORCEMENT ACTION ISSUED,2019,unk,CA1500442,37,-117.9379717,34.92282451,OUT-OF-COMPLIANCE
CA5410009,9912033,STATE PRIMARY MCL VIOL - NOT CR6,"1,2,3-TRICHLOROPROPANE",0.00002,MG/L,0.000005,MG/L,7/1/18,9/30/18,9912017,6/29/18,CA STATE ACTION ISSUED,2018,4,CA5410009,2716,-119.2947249,35.96703644,
CA3200104,9702024,"MCL, AVERAGE",COMBINED URANIUM,28.2,PCI/L,20,PCI/L,1/1/19,3/31/19,1202007,11/10/11,FORMAL ENFORCEMENT ACTION ISSUED,2019,1.41,CA3200104,657,-120.5002891,39.8084106,
CA5010009,9610034,STATE PRIMARY MCL VIOL - NOT CR6,"1,2,3-TRICHLOROPROPANE",0.095,UG/L,0.005,UG/L,6/1/18,8/31/18,9910009,3/9/18,FORMAL ENFORCEMENT ACTION ISSUED,2018,19,CA5010009,5232,-120.9125609,37.55848618,
CA5410009,9912030,STATE PRIMARY MCL VIOL - NOT CR6,"1,2,3-TRICHLOROPROPANE",0.000013,MG/L,0.000005,MG/L,4/1/18,6/30/18,9912017,6/29/18,CA STATE ACTION ISSUED,2018,2.6,CA5410009,2716,-119.2947249,35.96703644,
CA1510016,9912038,"MCL, AVERAGE",ARSENIC,0.019,MG/L, ,,1/1/19,3/31/19,9919018,3/10/15,FORMAL ENFORCEMENT ACTION ISSUED,2019,unk,CA1510016,450,-117.6332628,35.37208514,OUT-OF-COMPLIANCE
CA3200104,9702024,"MCL, AVERAGE",COMBINED URANIUM,28.2,PCI/L,20,PCI/L,1/1/19,3/31/19,9702023,5/28/19,INFORMAL ENFORCEMENT ACTION ISSUED,2019,1.41,CA3200104,657,-120.5002891,39.8084106,
CA5010009,9610036,STATE PRIMARY MCL VIOL - NOT CR6,"1,2,3-TRICHLOROPROPANE",0.092,UG/L,0.005,UG/L,1/1/19,3/31/19,9910009,3/9/18,FORMAL ENFORCEMENT ACTION ISSUED,2019,18.4,CA5010009,5232,-120.9125609,37.55848618,
CA5010008,9810024,"MCL, AVERAGE",ARSENIC,0.012,MG/L,0.01,MG/L,1/1/18,3/31/18,910024,1/5/09,FORMAL ENFORCEMENT ACTION ISSUED,2018,1.2,CA5010008,6082,-120.8656095,37.60061332,
CA3301380,9900010,"MCL, AVERAGE",ARSENIC,0.019,MG/L,0.01,MG/L,10/1/18,12/31/18,1503879,11/13/18,FORMAL ENFORCEMENT ACTION ISSUED,2018,1.9,CA3301380,300,-116.0760855,33.55984462,
CA3301380,9900009,"MCL, AVERAGE",ARSENIC,0.019,MG/L,0.01,MG/L,7/1/18,9/30/18,1203407,3/3/10,FORMAL ENFORCEMENT ACTION ISSUED,2018,1.9,CA3301380,300,-116.0760855,33.55984462,
CA1500436,9919036,"MCL, AVERAGE",ARSENIC,0.072,MG/L, ,,1/1/19,3/31/19,9619008,8/10/18,FORMAL ENFORCEMENT ACTION ISSUED,2019,unk,CA1500436,61,-118.4795726,35.67153053,
CA3301380,9900008,"MCL, AVERAGE",ARSENIC,0.019,MG/L,0.01,MG/L,4/1/18,6/30/18,1203407,3/3/10,FORMAL ENFORCEMENT ACTION ISSUED,2018,1.9,CA3301380,300,-116.0760855,33.55984462,
CA3301380,9900007,"MCL, AVERAGE",ARSENIC,0.019,MG/L,0.01,MG/L,1/1/18,3/31/18,1203407,3/3/10,FORMAL ENFORCEMENT ACTION ISSUED,2018,1.9,CA3301380,300,-116.0760855,33.55984462,
CA1500436,9919034,"MCL, AVERAGE",ARSENIC,0.084,MG/L,0.01,MG/L,10/1/18,12/31/18,9619008,8/10/18,FORMAL ENFORCEMENT ACTION ISSUED,2018,8.4,CA1500436,61,-118.4795726,35.67153053,
CA5410009,9912035,"MCL, AVERAGE",ARSENIC,0.021,MG/L,0.01,MG/L,10/1/18,12/31/18,9912011,5/18/15,FORMAL ENFORCEMENT ACTION ISSUED,2018,2.1,CA5410009,2716,-119.2947249,35.96703644,
CA5410009,9912036,"MCL, AVERAGE",ARSENIC,0.021,MG/L,0.01,MG/L,1/1/19,3/31/19,9912011,5/18/15,FORMAL ENFORCEMENT ACTION ISSUED,2019,2.1,CA5410009,2716,-119.2947249,35.96703644,
CA1510012,9512018,"MCL, AVERAGE",ARSENIC,0.011,MG/L,0.01,MG/L,7/1/18,9/30/18,9512006,5/15/17,FORMAL ENFORCEMENT ACTION ISSUED,2018,1.1,CA1510012,19057,-118.9167879,35.24865885,
CA1500436,9919032,"MCL, AVERAGE",ARSENIC,0.077,MG/L,0.01,MG/L,4/1/18,6/30/18,9619008,8/10/18,FORMAL ENFORCEMENT ACTION ISSUED,2018,7.7,CA1500436,61,-118.4795726,35.67153053,
CA3301380,9900011,"MCL, AVERAGE",ARSENIC,0.0185,MG/L,0.01,MG/L,1/1/19,3/31/19,1503879,11/13/18,FORMAL ENFORCEMENT ACTION ISSUED,2019,1.85,CA3301380,300,-116.0760855,33.55984462,
CA5010007,9910014,STATE PRIMARY MCL VIOL - NOT CR6,"1,2,3-TRICHLOROPROPANE",0.014,UG/L,0.005,UG/L,6/1/18,8/31/18,9810011,6/12/18,FORMAL ENFORCEMENT ACTION ISSUED,2018,2.8,CA5010007,887,-121.2036969,37.5438575,
CA5010007,9910015,STATE PRIMARY MCL VIOL - NOT CR6,"1,2,3-TRICHLOROPROPANE",0.012,UG/L,0.005,UG/L,10/1/18,12/31/18,9810011,6/12/18,FORMAL ENFORCEMENT ACTION ISSUED,2018,2.4,CA5010007,887,-121.2036969,37.5438575,
CA1500436,9919033,"MCL, AVERAGE",ARSENIC,0.081,MG/L,0.01,MG/L,7/1/18,9/30/18,9619008,8/10/18,FORMAL ENFORCEMENT ACTION ISSUED,2018,8.1,CA1500436,61,-118.4795726,35.67153053,
CA1500378,9812030,"MCL, AVERAGE",ARSENIC,0.022,MG/L,0.01,MG/L,1/1/18,3/31/18,9819011,5/26/15,FORMAL ENFORCEMENT ACTION ISSUED,2018,2.2,CA1500378,150,-119.1421789,35.3871821,
CA1500378,9812032,"MCL, AVERAGE",ARSENIC,0.021,MG/L,0.01,MG/L,7/1/18,9/30/18,9819011,5/26/15,FORMAL ENFORCEMENT ACTION ISSUED,2018,2.1,CA1500378,150,-119.1421789,35.3871821,
CA1500378,9812034,"MCL, AVERAGE",ARSENIC,0.021,MG/L,0.01,MG/L,1/1/19,3/31/19,9819011,5/26/15,FORMAL ENFORCEMENT ACTION ISSUED,2019,2.1,CA1500378,150,-119.1421789,35.3871821,
CA3700918,1705367,"MCL, AVERAGE",COMBINED URANIUM,20.33,PCI/L,0,PCI/L,4/1/18,6/30/18,1506092,6/30/17,,2018,unk,CA3700918,95,-116.791676,33.07477559,
CA2700771,9800017,"MCL, SINGLE SAMPLE",NITRATE,59,MG/L,10,MG/L,4/1/18,6/30/18,9800430,5/3/17,FORMAL ENFORCEMENT ACTION ISSUED,2018,5.9,CA2700771,200,-121.7742653,36.83079625,
CA1500378,9812031,"MCL, AVERAGE",ARSENIC,0.021,MG/L,0.01,MG/L,4/1/18,6/30/18,9819011,5/26/15,FORMAL ENFORCEMENT ACTION ISSUED,2018,2.1,CA1500378,150,-119.1421789,35.3871821,
CA2700771,9800017,"MCL, SINGLE SAMPLE",NITRATE,59,MG/L,10,MG/L,4/1/18,6/30/18,9800431,5/3/17,INFORMAL ENFORCEMENT ACTION ISSUED,2018,5.9,CA2700771,200,-121.7742653,36.83079625,
CA1502744,1119014,"MCL, AVERAGE",ARSENIC,0.011,MG/L, ,,1/1/19,3/31/19,1119007,7/13/18,FORMAL ENFORCEMENT ACTION ISSUED,2019,unk,CA1502744,39,-118.2376974,34.85083138,
CA1502744,1119012,"MCL, AVERAGE",ARSENIC,0.011,MG/L,0.01,MG/L,7/1/18,9/30/18,1119007,7/13/18,FORMAL ENFORCEMENT ACTION ISSUED,2018,1.1,CA1502744,39,-118.2376974,34.85083138,
CA5010018,9810009,STATE PRIMARY MCL VIOL - NOT CR6,"1,2,3-TRICHLOROPROPANE",0.0000086,MG/L,0.000005,MG/L,10/1/18,12/31/18,9910014,10/31/18,FORMAL ENFORCEMENT ACTION ISSUED,2018,1.72,CA5010018,25244,-120.938033,37.72981098,
CA5010019,9810005,STATE PRIMARY MCL VIOL - NOT CR6,"1,2,3-TRICHLOROPROPANE",0.0087,UG/L,0.005,UG/L,4/1/18,6/30/18,9910010,6/12/18,FORMAL ENFORCEMENT ACTION ISSUED,2018,1.74,CA5010019,72050,-120.8540452,37.50414683,
CA1502744,1119013,"MCL, AVERAGE",ARSENIC,0.011,MG/L,0.01,MG/L,10/1/18,12/31/18,1119007,7/13/18,FORMAL ENFORCEMENT ACTION ISSUED,2018,1.1,CA1502744,39,-118.2376974,34.85083138,
CA2700771,9800016,"MCL, SINGLE SAMPLE",NITRATE,60,MG/L,10,MG/L,1/1/18,3/31/18,9800430,5/3/17,FORMAL ENFORCEMENT ACTION ISSUED,2018,6,CA2700771,200,-121.7742653,36.83079625,
CA5010028,9510007,STATE PRIMARY MCL VIOL - NOT CR6,"1,2,3-TRICHLOROPROPANE",0.00001,MG/L,0.000005,MG/L,1/1/18,3/31/18,9910014,4/18/18,FORMAL ENFORCEMENT ACTION ISSUED,2018,2,CA5010028,48697,-120.9561032,37.59715926,
CA2700771,9800018,"MCL, SINGLE SAMPLE",NITRATE,60,MG/L,10,MG/L,7/1/18,9/30/18,9800430,5/3/17,FORMAL ENFORCEMENT ACTION ISSUED,2018,6,CA2700771,200,-121.7742653,36.83079625,
CA2700771,9800016,"MCL, SINGLE SAMPLE",NITRATE,60,MG/L,10,MG/L,1/1/18,3/31/18,9800431,5/3/17,INFORMAL ENFORCEMENT ACTION ISSUED,2018,6,CA2700771,200,-121.7742653,36.83079625,
CA1502699,9412038,"MCL, SINGLE SAMPLE",NITRATE,12,MG/L,10,MG/L,1/1/19,3/31/19,219008,10/4/01,FORMAL ENFORCEMENT ACTION ISSUED,2019,1.2,CA1502699,35,-118.9276478,35.33065698,
CA2700771,9800018,"MCL, SINGLE SAMPLE",NITRATE,60,MG/L,10,MG/L,7/1/18,9/30/18,9800431,5/3/17,INFORMAL ENFORCEMENT ACTION ISSUED,2018,6,CA2700771,200,-121.7742653,36.83079625,
CA3700918,1705366,"MCL, AVERAGE",COMBINED URANIUM,20.5,PCI/L,0,PCI/L,1/1/18,3/31/18,1506092,6/30/17,FORMAL ENFORCEMENT ACTION ISSUED,2018,unk,CA3700918,95,-116.791676,33.07477559,
CA3301283,9600004,"MCL, SINGLE SAMPLE",NITRATE,11,MG/L, ,,1/1/18,3/31/18,9601634,5/30/18,RETURN TO COMPLIANCE,2018,unk,CA3301283,200,-117.4484347,33.73856239,
CA3301283,9600004,"MCL, SINGLE SAMPLE",NITRATE,11,MG/L, ,,1/1/18,3/31/18,9601632,7/19/17,FORMAL ENFORCEMENT ACTION ISSUED,2018,unk,CA3301283,200,-117.4484347,33.73856239,
CA1500378,9812033,"MCL, AVERAGE",ARSENIC,0.02,MG/L,0.01,MG/L,10/1/18,12/31/18,9819011,5/26/15,FORMAL ENFORCEMENT ACTION ISSUED,2018,2,CA1500378,150,-119.1421789,35.3871821,
CA1503140,9612014,"MCL, AVERAGE",COMBINED URANIUM,21,PCI/L,20,PCI/L,1/1/18,3/31/18,9719003,1/6/17,FORMAL ENFORCEMENT ACTION ISSUED,2018,1.05,CA1503140,500,-118.8919374,34.79910319,
CA1503140,9612018,"MCL, AVERAGE",COMBINED URANIUM,21,PCI/L,20,PCI/L,7/1/18,9/30/18,9719003,1/6/17,FORMAL ENFORCEMENT ACTION ISSUED,2018,1.05,CA1503140,500,-118.8919374,34.79910319,
CA1502744,1119011,"MCL, AVERAGE",ARSENIC,0.011,MG/L,0.01,MG/L,4/1/18,6/30/18,1119007,7/13/18,FORMAL ENFORCEMENT ACTION ISSUED,2018,1.1,CA1502744,39,-118.2376974,34.85083138,
CA2700536,1600037,"MCL, AVERAGE",ARSENIC,0.08,MG/L,0.01,MG/L,1/1/18,3/31/18,1506102,6/18/15,FORMAL ENFORCEMENT ACTION ISSUED,2018,8,CA2700536,45,-121.7299902,36.56914718,
CA1503140,9612022,"MCL, AVERAGE",COMBINED URANIUM,23,PCI/L, ,,1/1/19,3/31/19,9719003,1/6/17,FORMAL ENFORCEMENT ACTION ISSUED,2019,unk,CA1503140,500,-118.8919374,34.79910319,
CA5010009,9610029,"MCL, AVERAGE",ARSENIC,0.015,MG/L,0.01,MG/L,4/1/18,6/30/18,910018,1/5/09,FORMAL ENFORCEMENT ACTION ISSUED,2018,1.5,CA5010009,5232,-120.9125609,37.55848618,
CA1000004,9700002,STATE PRIMARY MCL VIOL - NOT CR6,"1,2,3-TRICHLOROPROPANE",0.024,UG/L,0.005,UG/L,1/1/18,3/31/18,9700114,6/21/18,CA STATE ACTION ISSUED,2018,4.8,CA1000004,264,-119.6432999,36.74681937,
CA5010009,9610032,"MCL, AVERAGE",ARSENIC,0.015,MG/L,0.01,MG/L,9/1/18,11/30/18,910018,1/5/09,FORMAL ENFORCEMENT ACTION ISSUED,2018,1.5,CA5010009,5232,-120.9125609,37.55848618,
CA5010009,9610033,"MCL, AVERAGE",ARSENIC,0.015,MG/L,0.01,MG/L,1/1/19,3/31/19,910018,1/5/09,FORMAL ENFORCEMENT ACTION ISSUED,2019,1.5,CA5010009,5232,-120.9125609,37.55848618,
CA5010009,9610031,"MCL, AVERAGE",ARSENIC,0.015,MG/L,0.01,MG/L,7/1/18,9/30/18,910018,1/5/09,FORMAL ENFORCEMENT ACTION ISSUED,2018,1.5,CA5010009,5232,-120.9125609,37.55848618,
CA1500344,9612013,"MCL, AVERAGE",COMBINED URANIUM,25,PCI/L,20,PCI/L,4/1/18,6/30/18,9619004,10/3/16,FORMAL ENFORCEMENT ACTION ISSUED,2018,1.25,CA1500344,32,-119.1084072,35.26636645,
CA5010009,9610030,STATE PRIMARY MCL VIOL - NOT CR6,"1,2,3-TRICHLOROPROPANE",0.091,UG/L,0.005,UG/L,4/1/18,6/30/18,9910009,3/9/18,FORMAL ENFORCEMENT ACTION ISSUED,2018,18.2,CA5010009,5232,-120.9125609,37.55848618,
CA1500344,9612012,"MCL, AVERAGE",COMBINED URANIUM,25,PCI/L,20,PCI/L,1/1/18,3/31/18,9619004,10/3/16,FORMAL ENFORCEMENT ACTION ISSUED,2018,1.25,CA1500344,32,-119.1084072,35.26636645,
CA1502699,9412035,STATE PRIMARY MCL VIOL - NOT CR6,"1,2,3-TRICHLOROPROPANE",0.000033,MG/L,0.000005,MG/L,7/1/18,9/30/18,9519010,3/15/18,CA STATE ACTION ISSUED,2018,6.6,CA1502699,35,-118.9276478,35.33065698,
CA5010009,9610035,STATE PRIMARY MCL VIOL - NOT CR6,"1,2,3-TRICHLOROPROPANE",0.087,UG/L,0.005,UG/L,10/1/18,12/31/18,9910009,3/9/18,FORMAL ENFORCEMENT ACTION ISSUED,2018,17.4,CA5010009,5232,-120.9125609,37.55848618,
CA1502699,9412034,STATE PRIMARY MCL VIOL - NOT CR6,"1,2,3-TRICHLOROPROPANE",0.000025,MG/L,0.000005,MG/L,4/1/18,6/30/18,9519010,3/15/18,CA STATE ACTION ISSUED,2018,5,CA1502699,35,-118.9276478,35.33065698,
CA5010009,9610027,STATE PRIMARY MCL VIOL - NOT CR6,"1,2,3-TRICHLOROPROPANE",0.012,UG/L,0.005,UG/L,1/1/18,3/31/18,9910009,3/9/18,FORMAL ENFORCEMENT ACTION ISSUED,2018,2.4,CA5010009,5232,-120.9125609,37.55848618,
CA1502699,9412030,STATE PRIMARY MCL VIOL - NOT CR6,"1,2,3-TRICHLOROPROPANE",0.000015,MG/L,0.000005,MG/L,1/1/18,3/31/18,9519010,3/15/18,CA STATE ACTION ISSUED,2018,3,CA1502699,35,-118.9276478,35.33065698,
CA1500344,9612014,"MCL, AVERAGE",COMBINED URANIUM,24,PCI/L,20,PCI/L,7/1/18,9/30/18,9619004,10/3/16,FORMAL ENFORCEMENT ACTION ISSUED,2018,1.2,CA1500344,32,-119.1084072,35.26636645,
CA2700536,1600039,"MCL, AVERAGE",ARSENIC,0.07,MG/L,0.01,MG/L,7/1/18,9/30/18,1506103,6/18/15,OTHER INFORMAL ENFORCEMENT ACTION TAKEN,2018,7,CA2700536,45,-121.7299902,36.56914718,
CA2700536,1600038,"MCL, AVERAGE",ARSENIC,0.07,MG/L,0.01,MG/L,4/1/18,6/30/18,1506103,6/18/15,OTHER INFORMAL ENFORCEMENT ACTION TAKEN,2018,7,CA2700536,45,-121.7299902,36.56914718,
CA2700536,1600039,"MCL, AVERAGE",ARSENIC,0.07,MG/L,0.01,MG/L,7/1/18,9/30/18,1506102,6/18/15,FORMAL ENFORCEMENT ACTION ISSUED,2018,7,CA2700536,45,-121.7299902,36.56914718,
CA2700536,1600038,"MCL, AVERAGE",ARSENIC,0.07,MG/L,0.01,MG/L,4/1/18,6/30/18,1506102,6/18/15,FORMAL ENFORCEMENT ACTION ISSUED,2018,7,CA2700536,45,-121.7299902,36.56914718,
CA5410009,9912034,"MCL, AVERAGE",ARSENIC,0.019,MG/L,0.01,MG/L,7/1/18,9/30/18,9912011,5/18/15,FORMAL ENFORCEMENT ACTION ISSUED,2018,1.9,CA5410009,2716,-119.2947249,35.96703644,
CA5410009,9912032,"MCL, AVERAGE",ARSENIC,0.019,MG/L,0.01,MG/L,4/1/18,6/30/18,9912011,5/18/15,FORMAL ENFORCEMENT ACTION ISSUED,2018,1.9,CA5410009,2716,-119.2947249,35.96703644,
CA5410021,9512007,STATE PRIMARY MCL VIOL - NOT CR6,"1,2,3-TRICHLOROPROPANE",0.014,UG/L,0.005,UG/L,7/1/18,9/30/18,9512015,8/27/18,RETURN TO COMPLIANCE,2018,2.8,CA5410021,8800,-119.2793884,35.88437819,
CA5410021,9512007,STATE PRIMARY MCL VIOL - NOT CR6,"1,2,3-TRICHLOROPROPANE",0.014,UG/L,0.005,UG/L,7/1/18,9/30/18,9512014,8/21/18,CA STATE ACTION ISSUED,2018,2.8,CA5410021,8800,-119.2793884,35.88437819,
CA5410024,9812025,STATE PRIMARY MCL VIOL - NOT CR6,"1,2,3-TRICHLOROPROPANE",0.000007,MG/L,0.000005,MG/L,10/1/18,12/31/18,9812033,12/18/18,CA STATE ACTION ISSUED,2018,1.4,CA5410024,1617,-119.1017167,35.80263652,
CA1009039,1223054,"MCL, LRAA",TTHM,0.163,MG/L,0.08,MG/L,4/1/18,6/30/18,1223014,11/7/14,FORMAL ENFORCEMENT ACTION ISSUED,2018,2.0375,CA1009039,25,-119.8053036,36.84769011,
CA5010009,9610028,"MCL, AVERAGE",ARSENIC,0.014,MG/L,0.01,MG/L,1/1/18,3/31/18,910018,1/5/09,FORMAL ENFORCEMENT ACTION ISSUED,2018,1.4,CA5010009,5232,-120.9125609,37.55848618,
CA2000526,1500053,"MCL, SINGLE SAMPLE",COMBINED URANIUM,80,PCI/L,20,PCI/L,7/1/18,9/30/18,1502771,9/28/18,FORMAL ENFORCEMENT ACTION ISSUED,2018,4,CA2000526,74,-119.7091883,37.34791794,
CA5410009,9912031,"MCL, AVERAGE",ARSENIC,0.016,MG/L,0.01,MG/L,1/1/18,3/31/18,9912011,5/18/15,FORMAL ENFORCEMENT ACTION ISSUED,2018,1.6,CA5410009,2716,-119.2947249,35.96703644,
CA1000019,9800041,"MCL, LRAA",TTHM,0.163,MG/L,0.08,MG/L,7/1/18,9/30/18,9800163,11/7/14,FORMAL ENFORCEMENT ACTION ISSUED,2018,2.0375,CA1000019,185,-120.3906521,36.50207337,
CA5000218,9880009,"MCL, AVERAGE",ARSENIC,0.02,MG/L,0.01,MG/L,1/1/18,3/31/18,1380001,5/2/13,FORMAL ENFORCEMENT ACTION ISSUED,2018,2,CA5000218,30,-120.8488145,37.59233396,
CA5410015,9812008,STATE PRIMARY MCL VIOL - NOT CR6,"1,2,3-TRICHLOROPROPANE",0.019,UG/L,0.005,UG/L,7/1/18,9/30/18,9812012,5/8/18,CA STATE ACTION ISSUED,2018,3.8,CA5410015,65982,-119.3396887,36.20012692,
CA5410015,9812009,STATE PRIMARY MCL VIOL - NOT CR6,"1,2,3-TRICHLOROPROPANE",0.014,UG/L,0.005,UG/L,10/1/18,12/31/18,9812012,5/8/18,CA STATE ACTION ISSUED,2018,2.8,CA5410015,65982,-119.3396887,36.20012692,
CA2702550,1600049,"MCL, AVERAGE",ARSENIC,0.051,MG/L,0.01,MG/L,4/1/18,6/30/18,1506103,6/18/15,FORMAL ENFORCEMENT ACTION ISSUED,2018,5.1,CA2702550,25,-121.6461606,36.6026221,OUT-OF-COMPLIANCE
CA5410015,9812011,STATE PRIMARY MCL VIOL - NOT CR6,"1,2,3-TRICHLOROPROPANE",0.014,UG/L,0.005,UG/L,1/1/19,3/31/19,9812012,5/8/18,CA STATE ACTION ISSUED,2019,2.8,CA5410015,65982,-119.3396887,36.20012692,
CA1000019,9800041,"MCL, LRAA",TTHM,0.163,MG/L,0.08,MG/L,7/1/18,9/30/18,9800171,12/5/19,FORMAL ENFORCEMENT ACTION ISSUED,2018,2.0375,CA1000019,185,-120.3906521,36.50207337,
CA2702550,1600048,"MCL, AVERAGE",ARSENIC,0.049,MG/L,0.01,MG/L,1/1/18,3/31/18,1606224,6/18/15,OTHER INFORMAL ENFORCEMENT ACTION TAKEN,2018,4.9,CA2702550,25,-121.6461606,36.6026221,OUT-OF-COMPLIANCE
CA5410015,9812007,STATE PRIMARY MCL VIOL - NOT CR6,"1,2,3-TRICHLOROPROPANE",0.008,UG/L,0.005,UG/L,4/1/18,6/30/18,9812012,5/8/18,CA STATE ACTION ISSUED,2018,1.6,CA5410015,65982,-119.3396887,36.20012692,
CA1009039,1223056,"MCL, LRAA",TTHM,0.17,MG/L,0.08,MG/L,7/1/18,9/30/18,1223014,11/7/14,FORMAL ENFORCEMENT ACTION ISSUED,2018,2.125,CA1009039,25,-119.8053036,36.84769011,
CA5410017,9612009,STATE PRIMARY MCL VIOL - NOT CR6,"1,2,3-TRICHLOROPROPANE",0.000008,MG/L,0.000005,MG/L,7/1/18,9/30/18,9612014,6/21/18,CA STATE ACTION ISSUED,2018,1.6,CA5410017,2138,-119.4422383,36.4766499,
CA2702550,1600048,"MCL, AVERAGE",ARSENIC,0.049,MG/L,0.01,MG/L,1/1/18,3/31/18,1506103,6/18/15,FORMAL ENFORCEMENT ACTION ISSUED,2018,4.9,CA2702550,25,-121.6461606,36.6026221,OUT-OF-COMPLIANCE
CA5410017,9612008,STATE PRIMARY MCL VIOL - NOT CR6,"1,2,3-TRICHLOROPROPANE",0.000006,MG/L,0.000005,MG/L,4/1/18,6/30/18,9612014,6/21/18,CA STATE ACTION ISSUED,2018,1.2,CA5410017,2138,-119.4422383,36.4766499,
CA1500393,9912036,"MCL, AVERAGE",COMBINED URANIUM,24,PCI/L,20,PCI/L,10/1/18,12/31/18,9719004,12/2/13,FORMAL ENFORCEMENT ACTION ISSUED,2018,1.2,CA1500393,238,-118.2697838,35.6637956,
CA5000249,9780004,STATE PRIMARY MCL VIOL - NOT CR6,"1,2,3-TRICHLOROPROPANE",0.000012,MG/L,0.000005,MG/L,1/1/19,3/31/19,9780009,5/24/19,CA STATE ACTION ISSUED,2019,2.4,CA5000249,390,-121.028147,37.71229171,
CA1500393,9912034,"MCL, AVERAGE",COMBINED URANIUM,22,PCI/L,20,PCI/L,7/1/18,9/30/18,9719004,12/2/13,FORMAL ENFORCEMENT ACTION ISSUED,2018,1.1,CA1500393,238,-118.2697838,35.6637956,
CA1510001,9912048,"MCL, AVERAGE",ARSENIC,0.038,MG/L,0.01,MG/L,7/1/18,9/30/18,US EPA#PWS-AOC-2015-6001,9/29/15,US EPA FEDERAL ADMINSTRATIVE ORDER ON CONSENT,2018,3.8,CA1510001,20850,-118.8340739,35.20150254,
CA1500401,9619008,STATE PRIMARY MCL VIOL - NOT CR6,"1,2,3-TRICHLOROPROPANE",0.000007,MG/L, ,,1/1/18,12/31/18,9519005,10/9/18,FORMAL ENFORCEMENT ACTION ISSUED,2018,unk,CA1500401,157,-119.0486322,35.29869353,OUT-OF-COMPLIANCE
CA1510001,9912049,"MCL, AVERAGE",ARSENIC,0.035,MG/L,0.01,MG/L,10/1/18,12/31/18,US EPA#PWS-AOC-2015-6001,9/29/15,US EPA FEDERAL ADMINSTRATIVE ORDER ON CONSENT,2018,3.5,CA1510001,20850,-118.8340739,35.20150254,
CA1500401,9619007,"MCL, SINGLE SAMPLE",NITRATE,13,MG/L,10,MG/L,1/1/18,3/31/18,9519004,9/22/17,FORMAL ENFORCEMENT ACTION ISSUED,2018,1.3,CA1500401,157,-119.0486322,35.29869353,OUT-OF-COMPLIANCE
CA2700536,1600037,"MCL, AVERAGE",ARSENIC,0.08,MG/L,0.01,MG/L,1/1/18,3/31/18,1506103,6/18/15,OTHER INFORMAL ENFORCEMENT ACTION TAKEN,2018,8,CA2700536,45,-121.7299902,36.56914718,
CA1500401,9619009,"MCL, SINGLE SAMPLE",NITRATE,11,MG/L,10,MG/L,10/1/18,12/31/18,9519004,9/22/17,FORMAL ENFORCEMENT ACTION ISSUED,2018,1.1,CA1500401,157,-119.0486322,35.29869353,OUT-OF-COMPLIANCE
CA1000019,9800044,"MCL, LRAA",TTHM,0.165,MG/L,0.08,MG/L,10/1/18,12/31/18,9800171,12/5/19,FORMAL ENFORCEMENT ACTION ISSUED,2018,2.0625,CA1000019,185,-120.3906521,36.50207337,
CA2000544,1000040,"MCL, AVERAGE",TTHM,0.13,MG/L,0.08,MG/L,1/1/19,3/31/19,1,12/1/14,FORMAL ENFORCEMENT ACTION ISSUED,2019,1.625,CA2000544,162,-119.6512028,37.05061724,
CA1503526,1019005,STATE PRIMARY MCL VIOL - NOT CR6,"1,2,3-TRICHLOROPROPANE",0.00001,MG/L,0.000005,MG/L,10/1/18,12/31/18,1019007,3/29/19,CA STATE ACTION ISSUED,2018,2,CA1503526,29,-118.9332406,35.32245848,
CA1503526,1019004,"MCL, SINGLE SAMPLE",NITRATE,11,MG/L,10,MG/L,2/1/19,2/28/19,1019006,3/4/19,FORMAL ENFORCEMENT ACTION ISSUED,2019,1.1,CA1503526,29,-118.9332406,35.32245848,
CA2000544,1000030,"MCL, AVERAGE",TTHM,117.5,UG/L,80,UG/L,1/1/18,3/31/18,1,12/1/14,FORMAL ENFORCEMENT ACTION ISSUED,2018,1.46875,CA2000544,162,-119.6512028,37.05061724,
CA1503669,2,STATE PRIMARY MCL VIOL - NOT CR6,"1,2,3-TRICHLOROPROPANE",0.000008,MG/L,0.000005,MG/L,10/1/18,12/31/18,3,1/30/19,CA STATE ACTION ISSUED,2018,1.6,CA1503669,33,-119.1954862,35.36783295,
CA1510001,9912047,"MCL, AVERAGE",ARSENIC,0.045,MG/L,0.01,MG/L,4/1/18,6/30/18,US EPA#PWS-AOC-2015-6001,9/29/15,US EPA FEDERAL ADMINSTRATIVE ORDER ON CONSENT,2018,4.5,CA1510001,20850,-118.8340739,35.20150254,
CA1510001,9912046,"MCL, AVERAGE",ARSENIC,0.044,MG/L,0.01,MG/L,1/1/18,3/31/18,US EPA#PWS-AOC-2015-6001,9/29/15,US EPA FEDERAL ADMINSTRATIVE ORDER ON CONSENT,2018,4.4,CA1510001,20850,-118.8340739,35.20150254,
CA5000249,9780003,STATE PRIMARY MCL VIOL - NOT CR6,"1,2,3-TRICHLOROPROPANE",0.00001,MG/L,0.000005,MG/L,10/1/18,12/31/18,9780009,5/24/19,CA STATE ACTION ISSUED,2018,2,CA5000249,390,-121.028147,37.71229171,
CA5000249,9780002,STATE PRIMARY MCL VIOL - NOT CR6,"1,2,3-TRICHLOROPROPANE",0.000006,MG/L,0.000005,MG/L,7/1/18,9/30/18,9780009,5/24/19,CA STATE ACTION ISSUED,2018,1.2,CA5000249,390,-121.028147,37.71229171,
CA2000544,1000036,"MCL, AVERAGE",TTHM,0.14,UG/L,0.08,UG/L,7/1/18,9/30/18,1,12/1/14,FORMAL ENFORCEMENT ACTION ISSUED,2018,1.75,CA2000544,162,-119.6512028,37.05061724,
CA2000544,1000038,"MCL, AVERAGE",TTHM,0.138,MG/L,0.08,MG/L,10/1/18,12/31/18,1,12/1/14,FORMAL ENFORCEMENT ACTION ISSUED,2018,1.725,CA2000544,162,-119.6512028,37.05061724,
CA5410006,9112045,"MCL, LRAA",TTHM,0.1115,MG/L,0.08,MG/L,7/1/18,9/30/18,9612006,10/21/16,FORMAL ENFORCEMENT ACTION ISSUED,2018,1.39375,CA5410006,14200,-119.0895617,36.20817513,
CA5000116,9780009,"MCL, AVERAGE",COMBINED URANIUM,27,PCI/L,20,PCI/L,4/1/18,6/30/18,9780005,3/15/17,FORMAL ENFORCEMENT ACTION ISSUED,2018,1.35,CA5000116,223,-120.7980714,37.48941121,
CA2000551,1500060,"MCL, AVERAGE",COMBINED URANIUM,220,PCI/L,20,PCI/L,10/1/18,12/31/18,1502573,7/17/18,FORMAL ENFORCEMENT ACTION ISSUED,2018,11,CA2000551,200,-119.5214621,37.29403907,
CA5000116,9780008,"MCL, AVERAGE",COMBINED URANIUM,25,PCI/L,20,PCI/L,1/1/18,3/31/18,9780005,3/15/17,FORMAL ENFORCEMENT ACTION ISSUED,2018,1.25,CA5000116,223,-120.7980714,37.48941121,
CA2000551,1500062,"MCL, AVERAGE",COMBINED URANIUM,161,PCI/L,20,PCI/L,1/1/19,3/31/19,1502573,7/17/18,FORMAL ENFORCEMENT ACTION ISSUED,2019,8.05,CA2000551,200,-119.5214621,37.29403907,
CA1500393,9912033,"MCL, SINGLE SAMPLE",NITRATE,23,MG/L,10,MG/L,7/1/18,9/30/18,9719004,12/2/13,FORMAL ENFORCEMENT ACTION ISSUED,2018,2.3,CA1500393,238,-118.2697838,35.6637956,
CA2000544,1000034,"MCL, AVERAGE",TTHM,0.117,MG/L,0.08,MG/L,4/1/18,6/30/18,1,12/1/14,FORMAL ENFORCEMENT ACTION ISSUED,2018,1.4625,CA2000544,162,-119.6512028,37.05061724,
CA1500393,9912037,"MCL, SINGLE SAMPLE",NITRATE,25,MG/L, ,,1/1/19,3/31/19,9719004,12/2/13,FORMAL ENFORCEMENT ACTION ISSUED,2019,unk,CA1500393,238,-118.2697838,35.6637956,
CA5000090,1680004,"MCL, AVERAGE",COMBINED URANIUM,25,PCI/L,20,PCI/L,10/1/18,12/31/18,1680001,5/9/16,FORMAL ENFORCEMENT ACTION ISSUED,2018,1.25,CA5000090,250,-120.8452832,37.62423656,
CA1500393,9912038,"MCL, AVERAGE",COMBINED URANIUM,27,PCI/L, ,,1/1/19,3/31/19,9719004,12/2/13,FORMAL ENFORCEMENT ACTION ISSUED,2019,unk,CA1500393,238,-118.2697838,35.6637956,
CA3610850,9513007,"MCL, AVERAGE",NITRATE,47,MG/L, ,,5/1/18,5/31/18,9913041,7/6/18,FORMAL ENFORCEMENT ACTION ISSUED,2018,unk,CA3610850,5479,-117.6735578,33.97754383,
CA1500393,9912030,"MCL, AVERAGE",COMBINED URANIUM,56,PCI/L,20,PCI/L,1/1/18,3/31/18,9719004,12/2/13,FORMAL ENFORCEMENT ACTION ISSUED,2018,2.8,CA1500393,238,-118.2697838,35.6637956,
CA1009039,1223052,"MCL, LRAA",TTHM,0.178,MG/L,0.08,MG/L,1/1/18,3/31/18,1223014,11/7/14,FORMAL ENFORCEMENT ACTION ISSUED,2018,2.225,CA1009039,25,-119.8053036,36.84769011,
CA1500393,9912035,"MCL, SINGLE SAMPLE",NITRATE,25,MG/L,10,MG/L,10/1/18,12/31/18,9719004,12/2/13,FORMAL ENFORCEMENT ACTION ISSUED,2018,2.5,CA1500393,238,-118.2697838,35.6637956,
CA1500393,9912032,"MCL, AVERAGE",COMBINED URANIUM,50,PCI/L,20,PCI/L,4/1/18,6/30/18,9719004,12/2/13,FORMAL ENFORCEMENT ACTION ISSUED,2018,2.5,CA1500393,238,-118.2697838,35.6637956,
CA5000116,9780011,"MCL, AVERAGE",COMBINED URANIUM,28,PCI/L,20,PCI/L,10/1/18,12/31/18,9780005,3/15/17,FORMAL ENFORCEMENT ACTION ISSUED,2018,1.4,CA5000116,223,-120.7980714,37.48941121,
CA1503140,9612021,"MCL, AVERAGE",COMBINED URANIUM,21,PCI/L,20,PCI/L,10/1/18,12/31/18,9719003,1/6/17,FORMAL ENFORCEMENT ACTION ISSUED,2018,1.05,CA1503140,500,-118.8919374,34.79910319,
CA5000116,9780010,"MCL, AVERAGE",COMBINED URANIUM,27,PCI/L,20,PCI/L,7/1/18,9/30/18,9780005,3/15/17,FORMAL ENFORCEMENT ACTION ISSUED,2018,1.35,CA5000116,223,-120.7980714,37.48941121,
CA5000218,9880011,"MCL, AVERAGE",ARSENIC,0.022,MG/L,0.01,MG/L,7/1/18,9/30/18,1380001,5/2/13,FORMAL ENFORCEMENT ACTION ISSUED,2018,2.2,CA5000218,30,-120.8488145,37.59233396,
CA1503140,9612016,"MCL, AVERAGE",COMBINED URANIUM,21,PCI/L,20,PCI/L,4/1/18,6/30/18,9719003,1/6/17,FORMAL ENFORCEMENT ACTION ISSUED,2018,1.05,CA1503140,500,-118.8919374,34.79910319,
CA5000218,9880012,"MCL, AVERAGE",ARSENIC,0.022,MG/L,0.01,MG/L,10/1/18,12/31/18,1380001,5/2/13,FORMAL ENFORCEMENT ACTION ISSUED,2018,2.2,CA5000218,30,-120.8488145,37.59233396,
CA5000218,9880010,"MCL, AVERAGE",ARSENIC,0.022,MG/L,0.01,MG/L,4/1/18,6/30/18,1380001,5/2/13,FORMAL ENFORCEMENT ACTION ISSUED,2018,2.2,CA5000218,30,-120.8488145,37.59233396,
CA3100038,1,"MCL, LRAA",TTHM,0.085,MG/L,0.08,MG/L,4/1/18,6/30/18,1,7/13/18,FORMAL ENFORCEMENT ACTION ISSUED,2018,1.0625,CA3100038,250,-120.9814535,39.01249406,
CA5403110,1400072,"MCL, SINGLE SAMPLE",NITRATE,20.2,MG/L,10,MG/L,7/1/18,9/30/18,1204285,5/27/16,FORMAL ENFORCEMENT ACTION ISSUED,2018,2.02,CA5403110,39,-118.8824286,36.07503028,
CA1500393,9912031,"MCL, SINGLE SAMPLE",NITRATE,21,MG/L,10,MG/L,4/1/18,6/30/18,9719004,12/2/13,FORMAL ENFORCEMENT ACTION ISSUED,2018,2.1,CA1500393,238,-118.2697838,35.6637956,
CA5403110,1400071,"MCL, SINGLE SAMPLE",NITRATE,20.15,MG/L,10,MG/L,4/1/18,6/30/18,1204285,5/27/16,FORMAL ENFORCEMENT ACTION ISSUED,2018,2.015,CA5403110,39,-118.8824286,36.07503028,
CA1503475,919015,STATE PRIMARY MCL VIOL - NOT CR6,"1,2,3-TRICHLOROPROPANE",0.000021,MG/L,0.000005,MG/L,4/1/18,6/30/18,1019008,3/13/18,CA STATE ACTION ISSUED,2018,4.2,CA1503475,310,-119.3141643,35.40576547,
CA1503475,919016,STATE PRIMARY MCL VIOL - NOT CR6,"1,2,3-TRICHLOROPROPANE",0.000021,MG/L,0.000005,MG/L,7/1/18,9/30/18,1019008,3/13/18,CA STATE ACTION ISSUED,2018,4.2,CA1503475,310,-119.3141643,35.40576547,
CA3610850,9513006,STATE PRIMARY MCL VIOL - NOT CR6,"1,2,3-TRICHLOROPROPANE",0.00007,MG/L, ,,1/1/18,3/31/18,9913040,6/15/18,RETURN TO COMPLIANCE,2018,unk,CA3610850,5479,-117.6735578,33.97754383,
CA1503475,919014,STATE PRIMARY MCL VIOL - NOT CR6,"1,2,3-TRICHLOROPROPANE",0.000013,MG/L,0.000005,MG/L,1/1/18,3/31/18,1019008,3/13/18,CA STATE ACTION ISSUED,2018,2.6,CA1503475,310,-119.3141643,35.40576547,
CA3610850,9513006,STATE PRIMARY MCL VIOL - NOT CR6,"1,2,3-TRICHLOROPROPANE",0.00007,MG/L, ,,1/1/18,3/31/18,9913038,3/1/18,FORMAL ENFORCEMENT ACTION ISSUED,2018,unk,CA3610850,5479,-117.6735578,33.97754383,
CA5403110,1400076,"MCL, SINGLE SAMPLE",NITRATE,19.5,MG/L,10,MG/L,4/1/19,6/30/19,1204285,5/27/16,FORMAL ENFORCEMENT ACTION ISSUED,2019,1.95,CA5403110,39,-118.8824286,36.07503028,
CA5403144,20,STATE PRIMARY MCL VIOL - NOT CR6,"1,2,3-TRICHLOROPROPANE",0.0083,UG/L,0.005,UG/L,1/1/19,3/31/19,24,12/21/18,CA STATE ACTION ISSUED,2019,1.66,CA5403144,25,-119.2594039,36.21209446,
CA1500393,9912029,"MCL, SINGLE SAMPLE",NITRATE,19,MG/L,10,MG/L,1/1/18,3/31/18,9719004,12/2/13,FORMAL ENFORCEMENT ACTION ISSUED,2018,1.9,CA1500393,238,-118.2697838,35.6637956,
CA5403144,19,STATE PRIMARY MCL VIOL - NOT CR6,"1,2,3-TRICHLOROPROPANE",0.0063,UG/L,0.005,UG/L,10/1/18,12/31/18,24,12/21/18,CA STATE ACTION ISSUED,2018,1.26,CA5403144,25,-119.2594039,36.21209446,
CA5403110,1400074,"MCL, SINGLE SAMPLE",NITRATE,20.9,MG/L,10,MG/L,10/1/18,12/31/18,1204285,5/27/16,FORMAL ENFORCEMENT ACTION ISSUED,2018,2.09,CA5403110,39,-118.8824286,36.07503028,
CA5403110,1400075,"MCL, SINGLE SAMPLE",NITRATE,20.75,MG/L,10,MG/L,1/1/19,3/31/19,1204285,5/27/16,FORMAL ENFORCEMENT ACTION ISSUED,2019,2.075,CA5403110,39,-118.8824286,36.07503028,
CA5410006,9112053,"MCL, LRAA",TTHM,0.0865,MG/L,0.08,MG/L,10/1/18,12/31/18,9612006,10/21/16,FORMAL ENFORCEMENT ACTION ISSUED,2018,1.08125,CA5410006,14200,-119.0895617,36.20817513,
CA5410006,9112047,"MCL, LRAA",TTHM,0.0828,MG/L,0.08,MG/L,7/1/18,9/30/18,9612006,10/21/16,FORMAL ENFORCEMENT ACTION ISSUED,2018,1.035,CA5410006,14200,-119.0895617,36.20817513,
CA0600008,1221039,"MCL, AVERAGE",ARSENIC,25.1,UG/L,10,UG/L,4/1/18,6/30/18,921006,1/5/09,FORMAL ENFORCEMENT ACTION ISSUED,2018,2.51,CA0600008,381,-121.8961482,39.07216055,
CA5410006,9112033,"MCL, LRAA",TTHM,0.082,MG/L,0.08,MG/L,1/1/18,3/31/18,9612006,10/21/16,FORMAL ENFORCEMENT ACTION ISSUED,2018,1.025,CA5410006,14200,-119.0895617,36.20817513,
CA2810013,9803012,"MCL, LRAA",TTHM,0.1,MG/L, ,,1/1/18,3/31/18,9903005,6/30/16,FORMAL ENFORCEMENT ACTION ISSUED,2018,unk,CA2810013,910,-122.187105,38.5147443,
CA5410006,9112058,"MCL, LRAA",TTHM,0.0905,MG/L,0.08,MG/L,1/1/19,3/31/19,9612006,10/21/16,FORMAL ENFORCEMENT ACTION ISSUED,2019,1.13125,CA5410006,14200,-119.0895617,36.20817513,
CA5410006,9112034,"MCL, LRAA",TTHM,0.0895,MG/L,0.08,MG/L,1/1/18,3/31/18,9612006,10/21/16,FORMAL ENFORCEMENT ACTION ISSUED,2018,1.11875,CA5410006,14200,-119.0895617,36.20817513,
CA1502383,9912041,"MCL, AVERAGE",ARSENIC,0.014,MG/L,0.01,MG/L,1/1/18,3/31/18,9919019,5/26/15,FORMAL ENFORCEMENT ACTION ISSUED,2018,1.4,CA1502383,32,-119.1966909,35.3928633,
CA5410006,9112046,"MCL, LRAA",TTHM,0.0888,MG/L,0.08,MG/L,7/1/18,9/30/18,9612006,10/21/16,FORMAL ENFORCEMENT ACTION ISSUED,2018,1.11,CA5410006,14200,-119.0895617,36.20817513,
CA1502383,9912042,"MCL, AVERAGE",ARSENIC,0.014,MG/L,0.01,MG/L,4/1/18,6/30/18,9919019,5/26/15,FORMAL ENFORCEMENT ACTION ISSUED,2018,1.4,CA1502383,32,-119.1966909,35.3928633,
CA2810013,9803015,"MCL, LRAA",TTHM,84.3,UG/L, ,,4/1/18,6/30/18,9903009,11/19/18,FORMAL ENFORCEMENT ACTION ISSUED,2018,unk,CA2810013,910,-122.187105,38.5147443,
CA5410006,9112035,"MCL, LRAA",TTHM,0.0883,MG/L,0.08,MG/L,1/1/18,3/31/18,9612006,10/21/16,FORMAL ENFORCEMENT ACTION ISSUED,2018,1.10375,CA5410006,14200,-119.0895617,36.20817513,
CA2810013,9803016,"MCL, LRAA",TTHM,91.8,UG/L, ,,7/1/18,9/30/18,9903009,11/19/18,FORMAL ENFORCEMENT ACTION ISSUED,2018,unk,CA2810013,910,-122.187105,38.5147443,
CA5410006,9112039,"MCL, LRAA",TTHM,0.087,MG/L,0.08,MG/L,4/1/18,6/30/18,9612006,10/21/16,FORMAL ENFORCEMENT ACTION ISSUED,2018,1.0875,CA5410006,14200,-119.0895617,36.20817513,
CA1502569,9619032,"MCL, AVERAGE",ARSENIC,0.018,MG/L,0.01,MG/L,7/1/18,9/30/18,1119023,5/26/15,FORMAL ENFORCEMENT ACTION ISSUED,2018,1.8,CA1502569,35,-118.2356909,34.85964913,
CA2810013,9803012,"MCL, LRAA",TTHM,0.1,MG/L, ,,1/1/18,3/31/18,9903009,11/19/18,FORMAL ENFORCEMENT ACTION ISSUED,2018,unk,CA2810013,910,-122.187105,38.5147443,
CA1502569,9619031,"MCL, AVERAGE",ARSENIC,0.018,MG/L,0.01,MG/L,4/1/18,6/30/18,1119023,5/26/15,FORMAL ENFORCEMENT ACTION ISSUED,2018,1.8,CA1502569,35,-118.2356909,34.85964913,
CA2410004,9611029,STATE PRIMARY MCL VIOL - NOT CR6,"1,2,3-TRICHLOROPROPANE",0.031,UG/L,0.005,UG/L,7/1/18,9/30/18,9611012,5/2/18,CA STATE ACTION ISSUED,2018,6.2,CA2410004,14894,-120.7241588,37.38750666,
CA2410004,9611012,STATE PRIMARY MCL VIOL - NOT CR6,"1,2,3-TRICHLOROPROPANE",0.000028,MG/L,0.000005,MG/L,1/1/18,3/31/18,9611012,5/2/18,CA STATE ACTION ISSUED,2018,5.6,CA2410004,14894,-120.7241588,37.38750666,
CA2410004,9611021,STATE PRIMARY MCL VIOL - NOT CR6,"1,2,3-TRICHLOROPROPANE",0.02,UG/L,0.005,UG/L,4/1/18,6/30/18,9611012,5/2/18,CA STATE ACTION ISSUED,2018,4,CA2410004,14894,-120.7241588,37.38750666,
CA2410004,9611018,STATE PRIMARY MCL VIOL - NOT CR6,"1,2,3-TRICHLOROPROPANE",0.000016,MG/L,0.000005,MG/L,1/1/18,3/31/18,9611012,5/2/18,CA STATE ACTION ISSUED,2018,3.2,CA2410004,14894,-120.7241588,37.38750666,
CA2410004,9611015,STATE PRIMARY MCL VIOL - NOT CR6,"1,2,3-TRICHLOROPROPANE",0.000014,MG/L,0.000005,MG/L,1/1/18,3/31/18,9611012,5/2/18,CA STATE ACTION ISSUED,2018,2.8,CA2410004,14894,-120.7241588,37.38750666,
CA2410004,9611033,STATE PRIMARY MCL VIOL - NOT CR6,"1,2,3-TRICHLOROPROPANE",0.008,UG/L,0.005,UG/L,7/1/18,9/30/18,9611012,5/2/18,CA STATE ACTION ISSUED,2018,1.6,CA2410004,14894,-120.7241588,37.38750666,
CA2410004,9611026,STATE PRIMARY MCL VIOL - NOT CR6,"1,2,3-TRICHLOROPROPANE",0.008,UG/L,0.005,UG/L,4/1/18,6/30/18,9611012,5/2/18,CA STATE ACTION ISSUED,2018,1.6,CA2410004,14894,-120.7241588,37.38750666,
CA1502569,9619034,"MCL, AVERAGE",ARSENIC,0.017,MG/L, ,,1/1/19,3/31/19,1119023,5/26/15,FORMAL ENFORCEMENT ACTION ISSUED,2019,unk,CA1502569,35,-118.2356909,34.85964913,
CA0400042,1600244,STATE PRIMARY MCL VIOL - NOT CR6,"1,2,3-TRICHLOROPROPANE", ,, ,,4/1/18,6/30/18,1600680,8/13/18,RETURN TO COMPLIANCE,2018,unk,CA0400042,34,-121.6754638,39.87563262,
CA2410004,9611013,STATE PRIMARY MCL VIOL - NOT CR6,"1,2,3-TRICHLOROPROPANE",0.000006,MG/L,0.000005,MG/L,1/1/18,3/31/18,9611012,5/2/18,CA STATE ACTION ISSUED,2018,1.2,CA2410004,14894,-120.7241588,37.38750666,
CA0400042,1600244,STATE PRIMARY MCL VIOL - NOT CR6,"1,2,3-TRICHLOROPROPANE", ,, ,,4/1/18,6/30/18,1600677,7/24/18,INFORMAL ENFORCEMENT ACTION ISSUED,2018,unk,CA0400042,34,-121.6754638,39.87563262,
CA0400063,1100002,STATE PRIMARY MCL VIOL - NOT CR6,"1,2,3-TRICHLOROPROPANE", ,, ,,1/1/18,3/31/18,1300408,4/26/18,FORMAL ENFORCEMENT ACTION ISSUED,2018,unk,CA0400063,295,-121.6587249,39.33516937,
CA2410010,9611010,STATE PRIMARY MCL VIOL - NOT CR6,"1,2,3-TRICHLOROPROPANE",0.082,UG/L,0.005,UG/L,10/1/18,12/31/18,9611010,5/9/18,CA STATE ACTION ISSUED,2018,16.4,CA2410010,8500,-120.6164054,37.38743484,
CA0400081,1400008,STATE PRIMARY MCL VIOL - NOT CR6,"1,2,3-TRICHLOROPROPANE", ,, ,,4/1/18,6/30/18,1400500,7/24/18,INFORMAL ENFORCEMENT ACTION ISSUED,2018,unk,CA0400081,12,-121.455838,39.63495083,
CA2410010,9611007,STATE PRIMARY MCL VIOL - NOT CR6,"1,2,3-TRICHLOROPROPANE",0.059,UG/L,0.005,UG/L,7/1/18,9/30/18,9611010,5/9/18,CA STATE ACTION ISSUED,2018,11.8,CA2410010,8500,-120.6164054,37.38743484,
CA3600226,1700034,"MCL, AVERAGE",COMBINED URANIUM,39,PCI/L,20,PCI/L,7/1/18,9/30/18,1500166,6/20/17,FORMAL ENFORCEMENT ACTION ISSUED,2018,1.95,CA3600226,450,-116.5572328,34.0655599,
CA2410010,9611006,STATE PRIMARY MCL VIOL - NOT CR6,"1,2,3-TRICHLOROPROPANE",0.059,UG/L,0.005,UG/L,4/1/18,6/30/18,9611010,5/9/18,CA STATE ACTION ISSUED,2018,11.8,CA2410010,8500,-120.6164054,37.38743484,
CA2410010,9611012,STATE PRIMARY MCL VIOL - NOT CR6,"1,2,3-TRICHLOROPROPANE",0.04,UG/L,0.005,UG/L,1/1/19,3/31/19,9611010,5/9/18,CA STATE ACTION ISSUED,2019,8,CA2410010,8500,-120.6164054,37.38743484,
CA2410010,9611011,STATE PRIMARY MCL VIOL - NOT CR6,"1,2,3-TRICHLOROPROPANE",0.016,UG/L,0.005,UG/L,1/1/19,3/31/19,9611010,5/9/18,CA STATE ACTION ISSUED,2019,3.2,CA2410010,8500,-120.6164054,37.38743484,
CA2410004,9611019,"MCL, AVERAGE",ARSENIC,0.011,MG/L,0.01,MG/L,4/1/18,6/30/18,9611013,8/29/18,FORMAL ENFORCEMENT ACTION ISSUED,2018,1.1,CA2410004,14894,-120.7241588,37.38750666,
CA1502383,9912045,"MCL, AVERAGE",ARSENIC,0.016,MG/L,0.01,MG/L,1/1/19,3/31/19,9919019,5/26/15,FORMAL ENFORCEMENT ACTION ISSUED,2019,1.6,CA1502383,32,-119.1966909,35.3928633,
CA1502232,9619010,"MCL, AVERAGE",COMBINED URANIUM,38,PCI/L,20,PCI/L,4/1/18,6/30/18,719007,8/13/07,FORMAL ENFORCEMENT ACTION ISSUED,2018,1.9,CA1502232,175,-118.1684616,34.85804657,OUT-OF-COMPLIANCE
CA3600226,1700032,"MCL, AVERAGE",COMBINED URANIUM,42,PCI/L,20,PCI/L,1/1/18,3/31/18,1500166,6/20/17,FORMAL ENFORCEMENT ACTION ISSUED,2018,2.1,CA3600226,450,-116.5572328,34.0655599,
CA5410006,9112032,"MCL, LRAA",TTHM,0.1115,MG/L,0.08,MG/L,1/1/18,3/31/18,9612006,10/21/16,FORMAL ENFORCEMENT ACTION ISSUED,2018,1.39375,CA5410006,14200,-119.0895617,36.20817513,
CA1502232,9619012,"MCL, AVERAGE",COMBINED URANIUM,35,PCI/L,20,PCI/L,10/1/18,12/31/18,719007,8/13/07,FORMAL ENFORCEMENT ACTION ISSUED,2018,1.75,CA1502232,175,-118.1684616,34.85804657,OUT-OF-COMPLIANCE
CA1502247,9912010,"MCL, AVERAGE",COMBINED URANIUM,22,PCI/L, ,,1/1/19,3/31/19,9919008,4/18/18,FORMAL ENFORCEMENT ACTION ISSUED,2019,unk,CA1502247,82,-118.1684616,34.85804657,OUT-OF-COMPLIANCE
CA5000295,1180003,"MCL, AVERAGE",NITRATE,15,MG/L,10,MG/L,1/1/18,3/31/18,1180003,1/26/18,FORMAL ENFORCEMENT ACTION ISSUED,2018,1.5,CA5000295,105,-121.1156026,37.60949225,
CA5000295,1180004,"MCL, SINGLE SAMPLE",NITRATE,15,MG/L,10,MG/L,4/1/18,6/30/18,1180003,1/26/18,FORMAL ENFORCEMENT ACTION ISSUED,2018,1.5,CA5000295,105,-121.1156026,37.60949225,
CA1502247,9912007,"MCL, AVERAGE",COMBINED URANIUM,21,PCI/L,20,PCI/L,4/1/18,6/30/18,9919008,4/18/18,FORMAL ENFORCEMENT ACTION ISSUED,2018,1.05,CA1502247,82,-118.1684616,34.85804657,OUT-OF-COMPLIANCE
CA5000295,1180005,"MCL, SINGLE SAMPLE",NITRATE,14,MG/L,10,MG/L,7/1/18,9/30/18,1180003,1/26/18,FORMAL ENFORCEMENT ACTION ISSUED,2018,1.4,CA5000295,105,-121.1156026,37.60949225,
CA1502247,9912008,"MCL, AVERAGE",COMBINED URANIUM,21,PCI/L,20,PCI/L,7/1/18,9/30/18,9919008,4/18/18,FORMAL ENFORCEMENT ACTION ISSUED,2018,1.05,CA1502247,82,-118.1684616,34.85804657,OUT-OF-COMPLIANCE
CA5000295,1180006,"MCL, SINGLE SAMPLE",NITRATE,13,MG/L,10,MG/L,10/1/18,12/31/18,1180003,1/26/18,FORMAL ENFORCEMENT ACTION ISSUED,2018,1.3,CA5000295,105,-121.1156026,37.60949225,
CA1502247,9912006,"MCL, AVERAGE",COMBINED URANIUM,21,PCI/L,20,PCI/L,1/1/18,3/31/18,9919008,4/18/18,FORMAL ENFORCEMENT ACTION ISSUED,2018,1.05,CA1502247,82,-118.1684616,34.85804657,OUT-OF-COMPLIANCE
CA1502247,9912009,"MCL, AVERAGE",COMBINED URANIUM,21,PCI/L,20,PCI/L,10/1/18,12/31/18,9919008,4/18/18,FORMAL ENFORCEMENT ACTION ISSUED,2018,1.05,CA1502247,82,-118.1684616,34.85804657,OUT-OF-COMPLIANCE
CA2410004,9611050,STATE PRIMARY MCL VIOL - NOT CR6,"1,2,3-TRICHLOROPROPANE",0.28,UG/L,0.005,UG/L,1/1/19,3/31/19,9611012,5/2/18,CA STATE ACTION ISSUED,2019,56,CA2410004,14894,-120.7241588,37.38750666,
CA5410006,9112038,"MCL, LRAA",TTHM,0.109,MG/L,0.08,MG/L,4/1/18,6/30/18,9612006,10/21/16,FORMAL ENFORCEMENT ACTION ISSUED,2018,1.3625,CA5410006,14200,-119.0895617,36.20817513,
CA2410004,9611030,STATE PRIMARY MCL VIOL - NOT CR6,"1,2,3-TRICHLOROPROPANE",0.273,UG/L,0.005,UG/L,7/1/18,9/30/18,9611012,5/2/18,CA STATE ACTION ISSUED,2018,54.6,CA2410004,14894,-120.7241588,37.38750666,
CA0707615,1600041,"MCL, AVERAGE",ARSENIC,33,UG/L, ,,1/1/18,3/31/18,1000277,8/1/18,RETURN TO COMPLIANCE,2018,unk,CA0707615,49,-121.7845768,37.77101692,
CA1502383,9912044,"MCL, AVERAGE",ARSENIC,0.015,MG/L,0.01,MG/L,10/1/18,12/31/18,9919019,5/26/15,FORMAL ENFORCEMENT ACTION ISSUED,2018,1.5,CA1502383,32,-119.1966909,35.3928633,
CA2410004,9611043,STATE PRIMARY MCL VIOL - NOT CR6,"1,2,3-TRICHLOROPROPANE",0.248,UG/L,0.005,UG/L,10/1/18,12/31/18,9611012,5/2/18,CA STATE ACTION ISSUED,2018,49.6,CA2410004,14894,-120.7241588,37.38750666,
CA5410006,9112048,"MCL, LRAA",TTHM,0.096,MG/L,0.08,MG/L,7/1/18,9/30/18,9612006,10/21/16,FORMAL ENFORCEMENT ACTION ISSUED,2018,1.2,CA5410006,14200,-119.0895617,36.20817513,
CA0707615,1600042,"MCL, AVERAGE",ARSENIC,33,UG/L, ,,4/1/18,6/30/18,1000277,8/1/18,RETURN TO COMPLIANCE,2018,unk,CA0707615,49,-121.7845768,37.77101692,
CA2410004,9611037,STATE PRIMARY MCL VIOL - NOT CR6,"1,2,3-TRICHLOROPROPANE",0.192,UG/L,0.005,UG/L,10/1/18,12/31/18,9611012,5/2/18,CA STATE ACTION ISSUED,2018,38.4,CA2410004,14894,-120.7241588,37.38750666,
CA5410006,9112052,"MCL, LRAA",TTHM,0.0935,MG/L,0.08,MG/L,10/1/18,12/31/18,9612006,10/21/16,FORMAL ENFORCEMENT ACTION ISSUED,2018,1.16875,CA5410006,14200,-119.0895617,36.20817513,
CA3600391,1600013,"MCL, AVERAGE",NITRATE,17.75,MG/L,10,MG/L,10/1/18,12/31/18,1500154,2/8/18,FORMAL ENFORCEMENT ACTION ISSUED,2018,1.775,CA3600391,900,-117.0696973,34.01340516,
CA2410004,9611022,STATE PRIMARY MCL VIOL - NOT CR6,"1,2,3-TRICHLOROPROPANE",0.19,UG/L,0.005,UG/L,4/1/18,6/30/18,9611012,5/2/18,CA STATE ACTION ISSUED,2018,38,CA2410004,14894,-120.7241588,37.38750666,
CA5410006,9112049,"MCL, LRAA",TTHM,0.093,MG/L,0.08,MG/L,7/1/18,9/30/18,9612006,10/21/16,FORMAL ENFORCEMENT ACTION ISSUED,2018,1.1625,CA5410006,14200,-119.0895617,36.20817513,
CA3600391,1600012,"MCL, AVERAGE",NITRATE,12.9,MG/L,10,MG/L,7/1/18,9/30/18,1500154,2/8/18,FORMAL ENFORCEMENT ACTION ISSUED,2018,1.29,CA3600391,900,-117.0696973,34.01340516,
CA2410004,9611034,STATE PRIMARY MCL VIOL - NOT CR6,"1,2,3-TRICHLOROPROPANE",0.171,UG/L,0.005,UG/L,7/1/18,9/30/18,9611012,5/2/18,CA STATE ACTION ISSUED,2018,34.2,CA2410004,14894,-120.7241588,37.38750666,
CA5410006,9112057,"MCL, LRAA",TTHM,0.0925,MG/L,0.08,MG/L,10/1/18,12/31/18,9612006,10/21/16,FORMAL ENFORCEMENT ACTION ISSUED,2018,1.15625,CA5410006,14200,-119.0895617,36.20817513,
CA2410004,9611028,STATE PRIMARY MCL VIOL - NOT CR6,"1,2,3-TRICHLOROPROPANE",0.148,UG/L,0.005,UG/L,7/1/18,9/30/18,9611012,5/2/18,CA STATE ACTION ISSUED,2018,29.6,CA2410004,14894,-120.7241588,37.38750666,
CA5410006,9112059,"MCL, LRAA",TTHM,0.0915,MG/L,0.08,MG/L,1/1/19,3/31/19,9612006,10/21/16,FORMAL ENFORCEMENT ACTION ISSUED,2019,1.14375,CA5410006,14200,-119.0895617,36.20817513,
CA2410004,9611025,STATE PRIMARY MCL VIOL - NOT CR6,"1,2,3-TRICHLOROPROPANE",0.116,UG/L,0.005,UG/L,4/1/18,6/30/18,9611012,5/2/18,CA STATE ACTION ISSUED,2018,23.2,CA2410004,14894,-120.7241588,37.38750666,
CA5410006,9112063,"MCL, LRAA",TTHM,0.0908,MG/L,0.08,MG/L,1/1/19,3/31/19,9612006,10/21/16,FORMAL ENFORCEMENT ACTION ISSUED,2019,1.135,CA5410006,14200,-119.0895617,36.20817513,
CA0707615,1600041,"MCL, AVERAGE",ARSENIC,33,UG/L, ,,1/1/18,3/31/18,1000276,10/27/16,FORMAL ENFORCEMENT ACTION ISSUED,2018,unk,CA0707615,49,-121.7845768,37.77101692,
CA5410006,9112040,"MCL, LRAA",TTHM,0.0908,MG/L,0.08,MG/L,4/1/18,6/30/18,9612006,10/21/16,FORMAL ENFORCEMENT ACTION ISSUED,2018,1.135,CA5410006,14200,-119.0895617,36.20817513,
CA0707615,1600042,"MCL, AVERAGE",ARSENIC,33,UG/L, ,,4/1/18,6/30/18,1000276,10/27/16,FORMAL ENFORCEMENT ACTION ISSUED,2018,unk,CA0707615,49,-121.7845768,37.77101692,
CA2410004,9611041,STATE PRIMARY MCL VIOL - NOT CR6,"1,2,3-TRICHLOROPROPANE",0.603,UG/L,0.005,UG/L,10/1/18,12/31/18,9611012,5/2/18,CA STATE ACTION ISSUED,2018,120.6,CA2410004,14894,-120.7241588,37.38750666,
CA5410006,9112061,"MCL, LRAA",TTHM,0.1015,MG/L,0.08,MG/L,1/1/19,3/31/19,9612006,10/21/16,FORMAL ENFORCEMENT ACTION ISSUED,2019,1.26875,CA5410006,14200,-119.0895617,36.20817513,
CA1500096,9512031,"MCL, AVERAGE",COMBINED URANIUM,27,PCI/L,20,PCI/L,7/1/18,9/30/18,919008,5/13/09,FORMAL ENFORCEMENT ACTION ISSUED,2018,1.35,CA1500096,48,-119.1105358,35.26626827,
CA3600226,1700033,"MCL, AVERAGE",COMBINED URANIUM,37,PCI/L,20,PCI/L,4/1/18,6/30/18,1500166,6/20/17,FORMAL ENFORCEMENT ACTION ISSUED,2018,1.85,CA3600226,450,-116.5572328,34.0655599,
CA2410004,9611049,STATE PRIMARY MCL VIOL - NOT CR6,"1,2,3-TRICHLOROPROPANE",0.566,UG/L,0.005,UG/L,1/1/19,3/31/19,9611012,5/2/18,CA STATE ACTION ISSUED,2019,113.2,CA2410004,14894,-120.7241588,37.38750666,
CA1500096,9512029,"MCL, AVERAGE",COMBINED URANIUM,27,PCI/L,20,PCI/L,1/1/18,3/31/18,919008,5/13/09,FORMAL ENFORCEMENT ACTION ISSUED,2018,1.35,CA1500096,48,-119.1105358,35.26626827,
CA2410004,9611032,STATE PRIMARY MCL VIOL - NOT CR6,"1,2,3-TRICHLOROPROPANE",0.458,UG/L,0.005,UG/L,7/1/18,9/30/18,9611012,5/2/18,CA STATE ACTION ISSUED,2018,91.6,CA2410004,14894,-120.7241588,37.38750666,